x 14 1709063861.0003752708 -0.0067550674349126814053 0.15274761631866151657 -0.9882421382685347977 -0.018583656967647060182 0.99901008689687587072 -0.042422460589564205125 -0.01338569372802789377 -0.023869615509102409812 -0.043968303563675363577 -0.98735429644860439602 -0.15230984721219853473 0.0049189396405574905072 0 0 0 1
x 21 1709063862.2017703056 -0.031930791434378588689 0.14752663277037658673 -0.98854252189975910792 -0.156848890255458423 0.99816387483042967599 -0.046226787259786954187 -0.039140293095253790578 -0.015252306074795307297 -0.051471379716036456953 -0.98797721449832365259 -0.14577969975169227657 -0.056190260963225831248 0 0 0 1
x 30 1709063863.2617912292 -0.055841562641567060732 0.14324753384771832243 -0.98811024911765066303 -0.34995758181284236654 0.9967453207396792525 -0.049632280871249698229 -0.063524811589819943358 -0.015320170888783814916 -0.058141937222291176224 -0.98844159176363344255 -0.14000976721755151178 -0.13864934227239594788 0 0 0 1
x 45 1709063864.32193923 -0.07179546126799575545 0.14343124069453586089 -0.98705262852700859089 -0.56475580469113528803 0.99543109328593437635 -0.052150348293917243858 -0.07998299244754106252 -0.025779948667857370548 -0.062947197412856897847 -0.98828529276232257583 -0.13903176080000800852 -0.22019927305304126675 0 0 0 1
x 58 1709063865.2405843735 -0.078684595396124629163 0.14499606810409781943 -0.98629857306798962568 -0.82408568521455560774 0.99497938672275965111 -0.049954842813190444839 -0.086721007090483775981 -0.023388379385695868412 -0.06184459447070892596 -0.98817035648173212614 -0.14033742464784548787 -0.33373210942613407148 0 0 0 1
x 70 1709063866.0887253284 -0.07835998932910183401 0.14781256896609076823 -0.98590626180035334514 -1.0008180764279879238 0.99512676579566861079 -0.047777077644339721596 -0.086255841878556199775 -0.092909846188776359921 -0.059853416844740596481 -0.98786071630660754472 -0.14334843470260702492 -0.40679431131751636608 0 0 0 1
x 78 1709063866.6541073322 -0.026705417887028390367 0.14458535946041164988 -0.98913188954141484377 -1.1555664928644531209 0.99903841200101628495 -0.030558095641039215162 -0.031439680687830658112 -0.1144469636070664792 -0.034771703628420358445 -0.98902036189914166453 -0.14363026341481804904 -0.47437655777082715636 0 0 0 1
x 85 1709063867.1487424374 0.023693325781392046009 0.14499422425675145831 -0.98914877625603436773 -1.3005518860289781991 0.99960069510478444244 -0.018674699483017007801 0.021206256008466383561 -0.12653295749594178909 -0.015397270670385926686 -0.98925625106063075354 -0.14537879529529951217 -0.53369973330465414474 0 0 0 1
x 93 1709063867.7141273022 0.05541801950657096465 0.14316798441520534046 -0.98814562267512184857 -1.4602215011941437339 0.998463001466151856 -0.0072616424247611997475 0.054944541551760671394 -0.13597204729354178676 0.00069073990507013526691 -0.98967176201923945378 -0.14335036339938211913 -0.59880675751683565267 0 0 0 1
x 101 1709063868.2795183659 0.065446697725911953669 0.14235349174166109232 -0.98764984351317408606 -1.6343272576734761969 0.99784224897577955549 -0.004127790148245512325 0.065527146093099924995 -0.1160192909298741748 0.0052512075945012563066 -0.98980727644898047757 -0.14231648075303166001 -0.67780692598640035484 0 0 0 1
x 108 1709063868.7741532326 0.071499953004738325824 0.14368413815673433676 -0.9870372968640432898 -1.8179311860457301186 0.99742341999313011147 -0.0044911260635482688763 0.071598535501444571238 -0.10091051152741821462 0.0058546658233163129115 -0.98961340842520739702 -0.14363504191136045041 -0.75371856249459567856 0 0 0 1
x 114 1709063869.1982812881 0.069242925539018257419 0.14496945979247183312 -0.98701027007285402348 -1.9701458016739170631 0.99757357848135974621 -0.0028847411092974548953 0.069560283833673408616 -0.091855977003408251225 0.0072368485242604082414 -0.98943192481257635773 -0.14481745282841954059 -0.82445880469534316148 0 0 0 1
x 122 1709063869.7635433674 0.05820029232787755219 0.14668921196853271227 -0.98746898752060463522 -2.1692589505373955916 0.99830492315111674095 -0.0084775711566317853846 0.057579601685626612129 -0.077081733515289116432 7.4968628513282913614e-05 -0.98914630145824966601 -0.14693396173265904636 -0.91032194817746614479 0 0 0 1
x 130 1709063870.3289294243 0.048267328786572721855 0.14523262307426321183 -0.9882194849528267433 -2.3725454029778658693 0.99883333051037426209 -0.0085013380354300137343 0.047536348665524176538 -0.060290381819133959107 -0.001497358449053912393 -0.98936101208453230971 -0.14547352363850982182 -0.99896044618719292973 0 0 0 1
x 137 1709063870.8236923218 0.049969505003896914908 0.14211896069568147327 -0.98858750237498616009 -2.5588123580498187692 0.99875064995482287777 -0.0075391134198553614795 0.049399395951536702321 -0.043854745779837056574 -0.0004324816535073645646 -0.98982087398798124234 -0.14231813225658726529 -1.0806626338308575885 0 0 0 1
x 144 1709063871.3183262348 0.059022798852205210496 0.14454359797604518501 -0.98773653255084004066 -2.7562942424185190582 0.99825102258359799112 -0.0052284182135229860522 0.058885982071722832443 -0.014083024031344735377 0.0033472928881750491081 -0.98948461926579589498 -0.14459939246142072822 -1.1659834319800321811 0 0 0 1
x 152 1709063871.8837122917 0.05382741241182134595 0.14818445028885135484 -0.98749378660329356627 -2.9781739288543049859 0.99853112598919557819 -0.0018668110099777594085 0.054148913019564468008 0.024893254638387891237 0.0061805634764112889201 -0.98895797865767476331 -0.14806727368385452781 -1.2614949691891963468 0 0 0 1
x 163 1709063872.6453542709 0.040664143565175704664 0.14673909019717132352 -0.98833904460569055317 -3.2765531469316315771 0.99916706770355045997 -0.0026005445140141253066 0.040723547850546035209 0.020908449465409296997 0.0034055174997995271181 -0.98917181335651449547 -0.14672261751705303889 -1.3922210836664945521 0 0 0 1
x 173 1709063873.3121852875 0.038032651826339865242 0.1456361087462184345 -0.98860691960103785902 -3.5576702133417810181 0.99926163295878778214 -0.00014686433728848752658 0.038420914370460683418 0.030228940610099192671 0.0054502821840617049834 -0.98933821419846790235 -0.14553416354350046102 -1.5089405024954847256 0 0 0 1
x 180 1709063873.7788534164 0.040738754267744557713 0.14062690152789236731 -0.98922415494524229551 -3.7458243724664241903 0.99914550973280336077 0.0011743810927316252792 0.041314290132004778677 0.023735309705277995301 0.0069716275749731491593 -0.99006196533465706811 -0.14045889643449291362 -1.5996421741629831548 0 0 0 1
x 188 1709063874.3121674061 0.037395535772280490139 0.14303575077138402927 -0.98901079275396053259 -3.98444595852697514 0.99924660403988907476 0.0049304864930769286627 0.038495635282896477347 0.033500140381159483616 0.010382557268786224772 -0.98970524102580192949 -0.14274361209605662681 -1.6905248747874861426 0 0 0 1
x 196 1709063874.8456392288 0.035642901801371883186 0.1447573588540346512 -0.9888250051735772983 -4.2201026748510779285 0.99928891256065366377 0.0070140302273614596115 0.037046888630986658797 0.048972350635294856214 0.012298459041025137581 -0.98944232285205002686 -0.14440442535702785465 -1.794179653116401596 0 0 0 1
x 205 1709063875.4455392361 0.043373162777370598275 0.14463026907394985199 -0.98853470057695780326 -4.4862521620201327721 0.99887498420481302119 0.01270926692434879747 0.045686320072364505762 0.057307323877245748556 0.019171176924738832226 -0.98940414372126039844 -0.14391631859644898883 -1.9039808075080166816 0 0 0 1
x 216 1709063876.1790463924 0.022793968512780246605 0.13943205869480992942 -0.98996926026969944701 -4.7924666349839224466 0.99969781487879705306 0.005937495925938405042 0.023854234110826454118 0.070337480817003888989 0.0092039841839818559155 -0.99021383898674797397 -0.13925458723708344921 -2.0359615110230411261 0 0 0 1
x 225 1709063876.779014349 -0.00043314443848404421151 0.14491352700649645646 -0.98944422903932860436 -5.0942005639279681617 0.99999889472153891123 -0.0013442982992223038996 -0.00063464947274854055168 0.07199882449418995578 -0.0014220766992138701625 -0.98944341036725291794 -0.14491278657769879334 -2.1663319630253461412 0 0 0 1
x 235 1709063877.4458243847 -0.0025786069405109154559 0.14717257500538627468 -0.98910746850865338686 -5.4356628041861272393 0.9999852936607999121 -0.0043395826439141180209 -0.0032526656056801389258 0.06705801160844139519 -0.0047710159765617351016 -0.98910130974932475301 -0.14715922262200423209 -2.3032235831209182386 0 0 0 1
x 246 1709063878.1792442799 0.018567996564032986789 0.14509843939629182841 -0.98924297959465334884 -5.7915912352087994819 0.99981916979997575989 0.0013682720040077119353 0.018967204404402106949 0.049791249537541687475 0.0041056660518068522139 -0.9894162776756078026 -0.14504679719717772368 -2.4558420185574552086 0 0 0 1
x 256 1709063878.8458263874 0.077809155336668198166 0.14579508623993892025 -0.98625023617346452287 -6.1332772958043078049 0.99657335025222681946 0.016467301555146515724 0.081057910207568334426 0.037002306519179462008 0.028058725918479868189 -0.98917774982610429113 -0.14401419273805027288 -2.607610622890088159 0 0 0 1
x 267 1709063879.5792062283 0.089059862694459507315 0.14463510888670330634 -0.98546893725913309314 -6.510052347501680714 0.99566042704768764615 0.013886204074580179788 0.092018947469713938125 0.0020938031837374922184 0.02699359407663065244 -0.98938761792672103024 -0.14277075280962728265 -2.7702214864269167904 0 0 0 1
x 277 1709063880.2459833622 0.15174439724469512836 0.14931541035304651821 -0.97707653035903718752 -6.8599553472582668334 0.98705854414329508018 0.028970015749321752219 0.15772180551874295795 0.04008053011456090553 0.051856219432018971216 -0.98836513821041549477 -0.14298701591097570662 -2.9158138603873515748 0 0 0 1
x 285 1709063880.7794704437 0.12695918163946207091 0.14694551065276448276 -0.98096298768222978115 -7.14236045189070623 0.99139235477481535419 0.013084204210210722413 0.13026895974894639463 0.10269356622381713151 0.031977559678342919181 -0.98905804704094280044 -0.14401949789776491428 -3.0447546098583182506 0 0 0 1
x 292 1709063881.2459113598 0.076377516773529413596 0.14614783627774527441 -0.98630993357989216186 -7.3894088385016249987 0.99696344434276473745 0.0038640166430378894945 0.07777505635362150227 0.14696784738819174132 0.0151777750041255724 -0.98925521437742758302 -0.14540892822055115352 -3.1416566234465044261 0 0 0 1
x 298 1709063881.6458873749 0.024700309474348314254 0.1403350907404592729 -0.98979591701476232757 -7.6034159049089389271 0.99963037729810610976 -0.014716062220088281173 0.022859258287141633742 0.19359933476208524006 -0.011357941418779351345 -0.9899946967303004941 -0.140646713073546481 -3.2545799821448220257 0 0 0 1
x 304 1709063882.0459473133 -0.00082467461728549828256 0.15944510873195208434 -0.98720645131418149898 -7.8235066125337837661 0.99971826588636858446 -0.023286550854000706567 -0.0045961694606116649045 0.14804638196216421409 -0.023721469190372795888 -0.98693211192758145689 -0.15938098591510221902 -3.2876040909431720749 0 0 0 1
x 311 1709063882.5127563477 -0.046775443258172080818 0.1485704656821395242 -0.98779495597060018586 -8.0739814096062811899 0.99792038603972710309 -0.036954988295652961561 -0.052813174697703302307 0.20419254104441106334 -0.044350428276188263998 -0.98821108331965001881 -0.14653291253059172461 -3.4273382628533419769 0 0 0 1
x 316 1709063882.8462762833 -0.053602842069346595677 0.1482077506633304731 -0.9875025055008365138 -8.2498369397125692615 0.99792192548590230583 -0.027461215054314758177 -0.058289893256014843614 0.22772861778924993748 -0.035757031847626533083 -0.98857490561672645146 -0.1464277668331991078 -3.4904750698618336457 0 0 0 1
x 322 1709063883.2461464405 -0.0030247949243896480806 0.15025328540003488054 -0.98864290881824734569 -8.4643525699845412191 0.99987067448756838939 -0.015161398882384935494 -0.0053633652623049470065 0.25336883498771639589 -0.015795071992433983021 -0.98853127514262995046 -0.15018799568528479194 -3.5860754197412432198 0 0 0 1
x 329 1709063883.7127783298 0.031774130135647893347 0.15883093570189335542 -0.98679437511060330568 -8.7088449383862798214 0.99949507325402686675 -0.0049998590114971510484 0.031378325394470052423 0.28177720880727619157 5.0016806744385986308e-05 -0.98729313533376239498 -0.15890960586332691928 -3.6901890255927001228 0 0 0 1
x 335 1709063884.112906456 0.046511293372111586764 0.15205119018870508207 -0.98727763844236915425 -8.9332634240149566551 0.99890631464690504693 -0.0023476661214754022088 0.046697563244998324672 0.31369372379678572837 0.0047826225740474747478 -0.98836983151007562487 -0.15199408894449739638 -3.8167088115852174646 0 0 0 1
x 341 1709063884.5129754543 0.076832583288194630788 0.15245797360089413663 -0.98531889284958862341 -9.1477739907810793341 0.99688585258561268621 0.0058546968762599963659 0.078640440046183590628 0.35339146457052977857 0.017758106360459127021 -0.98829261287303882266 -0.15153336745413595321 -3.8993241740331439082 0 0 0 1
x 348 1709063884.979486227 0.041335590368194091715 0.14503088467830052566 -0.98856330688505733573 -9.3769269148121487945 0.99913528445973154302 -0.010434277437951751735 0.040246845912247336541 0.38011658907084044934 -0.0044779073668365200825 -0.98937210802181319025 -0.14533678319318821259 -4.0197108241279693175 0 0 0 1
x 354 1709063885.3794872761 -0.0083077520356603633961 0.14783433871956358496 -0.98897724438186773721 -9.5649549758759082607 0.99973455877628214505 -0.020026026113573420356 -0.011391647757841386404 0.40923880313104027406 -0.021489360054182234105 -0.98880936801873353659 -0.14762872822394462746 -4.0830938957837226155 0 0 0 1
x 358 1709063885.6464693546 -0.059913992069324774337 0.1468984560842258591 -0.98733538252738872742 -9.7026173318063495543 0.99721957219233769987 -0.0350987115249229778 -0.065735871097477541203 0.41749378681521032153 -0.044310697038180947571 -0.98852866607042022551 -0.1443871136417211043 -4.1477232475069039097 0 0 0 1
x 363 1709063885.9797172546 -0.01460031962701327686 0.15101207378365952283 -0.98842409145302012607 -9.8680102255092432273 0.99977094224172002868 -0.013266417938598579901 -0.016794778720449723974 0.41446594672958414485 -0.015649060704428941621 -0.98844289437762256068 -0.15078379136694075591 -4.2137341106828571924 0 0 0 1
x 367 1709063886.2462582588 0.08593028109451820995 0.15445555033149668822 -0.98425579495044279721 -10.024065873881760069 0.99589974940884473664 0.014724038010267531673 0.089257443070478642566 0.44818254419777037167 0.028278528044076552128 -0.98789001696370659644 -0.1525570050603507477 -4.2762045793154213058 0 0 0 1
x 372 1709063886.579760313 0.20678592053308736398 0.15455188863830154888 -0.96610211505594767445 -10.206408776851967346 0.97473504056533877282 0.052684898652093040128 0.21706197599349016936 0.49881632611535109412 0.084446331201282767709 -0.98657894531252510184 -0.13975264795566333387 -4.3652326835405039773 0 0 0 1
x 375 1709063886.779648304 0.30707490390599762042 0.15749757647930318072 -0.93856247344559862178 -10.307184576939889098 0.94333871437103478108 0.079955373085559194868 0.32205466552516026635 0.52048211688333978486 0.12576594286479758633 -0.98427722316081178722 -0.12402127443768472259 -4.4138466003383340919 0 0 0 1
x 377 1709063886.9130263329 0.33566446283170220388 0.1575507963649367682 -0.92871261146124206576 -10.351350775651349423 0.93239310232790739708 0.084743824375253670733 0.35137100945694427212 0.53381717041049636663 0.13406144160945984711 -0.98386799477344166753 -0.1184537871003119025 -4.4265884072535275351 0 0 0 1
x 380 1709063887.1130282879 0.33971515884346853431 0.15748503279742767647 -0.92724973713850600276 -10.461728067959784383 0.93078958640513376199 0.085213376776561738923 0.3554847754298767204 0.53646890628009569202 0.13499761354711994898 -0.98383796696058445352 -0.11763715430268212314 -4.4733191916667305321 0 0 0 1
x 385 1709063887.4462893009 0.33596701186148070217 0.15485372012142301079 -0.9290567754671006373 -10.617332594562736148 0.93268153364830952423 0.082775259633572767504 0.35107465371219692685 0.58969631961234592055 0.13126813279768506648 -0.98446360121944520571 -0.11661945015666819181 -4.5539119809450472331 0 0 0 1
x 392 1709063887.91304636 0.33041517959265237492 0.15480354342946975321 -0.93105406491285025439 -10.847257362887180676 0.93525942182558174931 0.078979324583862114961 0.34503924334103180938 0.6831419015131967587 0.12694731951294943584 -0.98478329068606784702 -0.1186855063986026193 -4.6580481506495363675 0 0 0 1
x 396 1709063888.1796762943 0.2706830887365714311 0.15059274594398308622 -0.95081674901102741782 -10.970547828506362009 0.95714426766191751383 0.063558977990404372238 0.28255106881304553612 0.7410765190880258535 0.10298308297307884329 -0.9865505975068395994 -0.12693464473023727268 -4.7154175468655763481 0 0 0 1
x 402 1709063888.5798082352 0.27061769613135205903 0.15151010723409760739 -0.9506896180153768805 -11.180499517935526654 0.95685205469266887413 0.06623059461932102876 0.28292693945531083299 0.8641833687927291674 0.10583103045558882316 -0.98623435145088877984 -0.1270495881632020263 -4.8063542682226003677 0 0 0 1
x 407 1709063888.9134383202 0.30619938942676538929 0.16089986878667936199 -0.93827137114449565836 -11.318653653510684975 0.94313209507454265346 0.082698138813447646944 0.32196718513195826672 0.93523425084041256206 0.12939777475794789208 -0.98350000022785377674 -0.1264277123281795645 -4.8615697675018694213 0 0 0 1
x 413 1709063889.3131444454 0.41395637414374186758 0.16972650450107990006 -0.89433384905744428561 -11.505450505319421595 0.89333946022824883837 0.11300444651255826811 0.43494206877367846964 1.0648712644833708829 0.17488489936901457922 -0.97899076054866585039 -0.10484447442334378364 -4.9364615797965454291 0 0 0 1
x 418 1709063889.6465272903 0.35777234498430959819 0.15998764690551292578 -0.9200015770132539128 -11.566492981121738737 0.92354550688486114485 0.085045270252043128623 0.37393983213322223857 1.09138417284795608 0.13806753736686430689 -0.98344865408667392348 -0.11732902820901545959 -4.9572414365114632062 0 0 0 1
x 421 1709063889.8466024399 0.27216256820116996318 0.15203541639277068365 -0.9501646007317282594 -11.632512463541004877 0.95626195972020477942 0.067266178618527516786 0.28467231157668249075 1.1622047424341415134 0.10719421597571850147 -0.98608341104737295968 -0.12707835100828682173 -4.9945719327270774457 0 0 0 1
x 426 1709063890.1799073219 0.26074331644609377578 0.15393153275442914008 -0.95305718926067584107 -11.780455044996127612 0.9594511474991171962 0.068180957814710271836 0.27350475648659400285 1.2656034010179237903 0.10708135924271865169 -0.98572635171329703319 -0.12991205842851910601 -5.0581663856301268822 0 0 0 1
x 435 1709063890.779853344 0.28444343679445205364 0.15693847812540809294 -0.9457601414486118685 -12.110913538684972224 0.95151678497370373311 0.07426223484341015757 0.29849778514026859 1.4090475253149898904 0.11708005065925194965 -0.9848123855821827588 -0.12820619248937986656 -5.2056387548626030792 0 0 0 1
x 441 1709063891.1799852848 0.29214442125358597302 0.15798343202414830144 -0.94323532171019208725 -12.314692143001158442 0.94854322261947510153 0.078089482389684744534 0.30686770257437762099 1.5186341753575169911 0.12213677169118487831 -0.98434915970567915533 -0.12704070875756187653 -5.294309076930797886 0 0 0 1
x 447 1709063891.5800032616 0.34465476597477584519 0.16629194417453524446 -0.92388315348805594152 -12.564032616697446088 0.92795911120085861068 0.088304243999755033245 0.36206939626935269461 1.5900553487169539757 0.14179202803533894062 -0.98211473372606750143 -0.12387764767859749115 -5.3913773382617282692 0 0 0 1
x 454 1709063892.0466253757 0.38425057073654395046 0.16624581993765666366 -0.90813755889870162452 -12.804002219749685665 0.90940290733142414847 0.10144104455689505195 0.40335600390646203506 1.7131234170558811147 0.15917867296646781572 -0.98085271183924083171 -0.11220565421855654975 -5.5096968257972838146 0 0 0 1
x 461 1709063892.5133943558 0.43670306329923208599 0.17093697623979930977 -0.88321627262974988781 -13.080945256404023169 0.88011704704305504521 0.12206794528605653671 0.45879559674775716172 1.8499272143425600223 0.18623752840318194557 -0.97769114110566113229 -0.097137102497342836527 -5.6336853691301769231 0 0 0 1
x 468 1709063892.9800252914 0.46985825585337359644 0.17091910259198661581 -0.8660368810216692026 -13.308181324445536475 0.85989857272631764484 0.13312307888801033773 0.49280086226746883105 2.0035525590075877744 0.19951857791314811519 -0.97625043242696651902 -0.084424116095870263554 -5.73935906496451409 0 0 0 1
x 476 1709063893.5134992599 0.4496689209486700034 0.1679527562979410138 -0.87726263612474919551 -13.575621787716515954 0.87272160479777094455 0.126467914947258675 0.47155367290228794586 2.1920252550518242174 0.19014431629066363971 -0.97764908766901925663 -0.089707309551612407494 -5.8521168738966595768 0 0 0 1
x 483 1709063893.9802033901 0.43159860177538073023 0.16852186972705524015 -0.8861845326641607512 -13.812244051321904692 0.88205585877935344108 0.12692852054307385279 0.45372526048857153569 2.3866878350316702573 0.18894472165843492761 -0.97749144784916641715 -0.093863531978804329303 -5.9520107232078203197 0 0 0 1
x 491 1709063894.5134294033 0.37791546973834649892 0.15966767132517875605 -0.91196827365344246275 -14.069736439243621717 0.91027711222447849071 0.11576888968464385532 0.39748351218967648002 2.5897769593908641639 0.16904282200924591884 -0.98035901553634086092 -0.10159097390110433112 -6.0649777337609656058 0 0 0 1
x 499 1709063895.0468254089 0.34818473854140497004 0.15874934569843185406 -0.92388637440907173115 -14.330290588871365642 0.92375368415972014535 0.10960622354937908651 0.36696812677851753381 2.7835299013786030109 0.15951964726678719009 -0.98121614406995538715 -0.10848208013334230404 -6.1748356383521123547 0 0 0 1
x 506 1709063895.5136983395 0.37299244248982937888 0.16626909386243851618 -0.9128150009409479182 -14.562026284254919517 0.91079032331889042684 0.12209171078196831561 0.39440410807332759724 2.9642046155521541984 0.17702435950026088052 -0.97849282213755994775 -0.10589699778320012247 -6.2686942746229181722 0 0 0 1
x 511 1709063895.847006321 0.41721917607039443743 0.16713035193642900023 -0.89330599695586443421 -14.738314052577518254 0.88825154861745647672 0.13287780267233489928 0.43971885940616001198 3.0850292510268224611 0.19219090644038894222 -0.97693957616005566713 -0.093014627965042215307 -6.349069610327458868 0 0 0 1
x 518 1709063896.3136913776 0.46433508476758211803 0.17911035888309656539 -0.86735944564006217661 -14.996345982003552066 0.85906871241526194805 0.1470898660437357508 0.49027086188313195869 3.2529428739251287084 0.21539237538146202566 -0.97277132524296217042 -0.085569121247019222509 -6.4547170010179408806 0 0 0 1
x 526 1709063896.8470673561 0.51416505068568663095 0.19470816932498552498 -0.83529816764515707472 -15.26394856446782633 0.82311677969637842001 0.161708666787566957 0.54436116081759267082 3.4139598670632529398 0.24106651880902479901 -0.96743942269602245521 -0.077122617722696448772 -6.5582662134152673872 0 0 0 1
x 531 1709063897.1805422306 0.58483783441310166484 0.20663432024928388153 -0.78438954893901036147 -15.422751351853806412 0.7642939620028345038 0.18352578373458944272 0.61820144432412726943 3.518569598802824494 0.27169734253633043286 -0.9610517911026609239 -0.050596542496573471137 -6.6395581764953259807 0 0 0 1
x 538 1709063897.6470212936 0.61982348552591459701 0.2103179685974128077 -0.75603253777568490968 -15.642495982471308125 0.73310267699623143933 0.18851956216992402093 0.65346831529607807276 3.7280725532440865955 0.27996305219074163473 -0.95928448731820048501 -0.037335814750017320973 -6.7348251299679411375 0 0 0 1
x 546 1709063898.1803922653 0.65326064496571534246 0.21924835219895219551 -0.72469351386305635998 -15.886003730868681671 0.69674702402383104083 0.20049644411626957319 0.68872691236233540835 4.012713790918595258 0.29630071379012973276 -0.95484623732345430547 -0.021784201547240589214 -6.8235095722713801081 0 0 0 1
x 554 1709063898.7137663364 0.66673601878885113692 0.21889064859372223126 -0.71242540972662937726 -16.1197440826603966 0.68352733823757350073 0.20143215052651294861 0.70158069100450359823 4.2934976125584682904 0.29707483539883910995 -0.95473136207675202147 -0.015315673319980706996 -6.919799723751799192 0 0 0 1
x 561 1709063899.1804003716 0.65532707437942416817 0.21489754168556560177 -0.72413083859857485525 -16.354565765126672261 0.69615064509731150455 0.2001963218559593416 0.6894169358688736482 4.5274720829180061799 0.29312233569364626318 -0.95589773524547894112 -0.018406993413165262385 -7.0232748226381325196 0 0 0 1
x 568 1709063899.6471583843 0.65106332763689223064 0.21270560354763953792 -0.72861023110870437591 -16.553252818234305721 0.70065644466938314938 0.20072398858934972776 0.68468271946556114038 4.7603328292532873789 0.29188540335206586418 -0.95627726502484844406 -0.018349525046029668135 -7.1042226886206796266 0 0 0 1
x 576 1709063900.1806752682 0.6553814441996075324 0.2124707278566522195 -0.72479745562447406293 -16.76754744824508947 0.6953477327660322338 0.20494647170626351107 0.68883123742511198628 5.0049956546142979619 0.29490115615274575811 -0.95543347990280103055 -0.013422925294774680841 -7.1926249479714821078 0 0 0 1
x 584 1709063900.7140533924 0.6755038407221335417 0.2169180955864025151 -0.70472767807797209727 -16.973424455899152719 0.67147458851103936084 0.21392590429682775688 0.70947697908888640583 5.2341970378123123808 0.30465790148114307856 -0.95246115315888946196 -0.0011472199503384547352 -7.2774777121562737037 0 0 0 1
x 592 1709063901.2473883629 0.69207347065487201387 0.22367306807995332441 -0.68629779912106525508 -17.188018902186346537 0.6502563854623114592 0.21957638247329533399 0.72729144425613145852 5.5032432203255341463 0.31337029722836112766 -0.9496086414201930781 0.0065181473877533886024 -7.3680156107405236909 0 0 0 1
x 599 1709063901.7139613628 0.7132177368971869269 0.22803144204125677663 -0.66281379016851460495 -17.363264247319818878 0.62397874317835255731 0.22424099762290389259 0.7485763171261776705 5.7519672385810070026 0.31932896306437641432 -0.94747962374505523275 0.017645883341543270456 -7.4418551719637244801 0 0 0 1
x 607 1709063902.2473552227 0.71684222427922672516 0.22649375947958463873 -0.65942232420816770944 -17.548859354484587669 0.61991795012345696225 0.22583381550551245853 0.75146578261613627969 6.015966302110147268 0.31912217016943539294 -0.9474701396959892552 0.021479666663987703051 -7.5207525630827918306 0 0 0 1
x 616 1709063902.8474333286 0.71450787417491079534 0.22894973628674136767 -0.66110552503895037013 -17.749215399592706888 0.62165952031644899911 0.22574247311048181719 0.7500531822115031888 6.3013654466652901931 0.32096407492850048682 -0.94690144949701138266 0.018965990437915178357 -7.5952715394313887742 0 0 0 1
x 625 1709063903.447365284 0.70961202731581252134 0.22589831530471565779 -0.66739847248569894589 -17.971042245980825669 0.62855303496129311114 0.22506861955309095946 0.74448989130014608939 6.6154007971941526378 0.3183894655506813165 -0.94779431766507071799 0.017722326835168011189 -7.6835292982660972072 0 0 0 1
x 632 1709063903.9142212868 0.70894278290478995874 0.22682516599866597851 -0.6677952334994695649 -18.143827468906383871 0.62789777371607091716 0.22818680606623564788 0.74409352021377650477 6.8688060200882050665 0.32116119812147436718 -0.94682687253926312021 0.019348371676631202082 -7.7558009810963648434 0 0 0 1
x 639 1709063904.3807973862 0.72365466919903864706 0.22921207562050466278 -0.65098828205732595098 -18.312768468037830871 0.60866403835272109291 0.232696860769682351 0.75853823826895849791 7.1342100182587380175 0.3253490540819617971 -0.94515289576922789649 0.028879021367666408981 -7.8189253902666884244 0 0 0 1
x 647 1709063904.9141683578 0.7423380540927608795 0.23429651074786267406 -0.62772554330351026941 -18.504228211918427149 0.58405035987087039473 0.23285560004549651913 0.77760108421167106751 7.4190602363556026333 0.32835862923387465484 -0.94386620642545848714 0.036016610780589312923 -7.8922783876736843922 0 0 0 1
x 655 1709063905.4475302696 0.73683353919532446064 0.23638733625056115861 -0.63340142250030095905 -18.686578815149889721 0.59041387143752910305 0.23144782645261355314 0.77320331319385415814 7.7063423219185134272 0.32937485448795406073 -0.94369112103782260004 0.030972157945880436636 -7.9659090430234043012 0 0 0 1
x 663 1709063905.9809162617 0.74874028002020798223 0.24255415081019487955 -0.61689178645287046088 -18.847460603768134035 0.57317451663758833824 0.23055450841405400464 0.78633045953516167437 8.001759490003431452 0.33295489982160686449 -0.94234394129575005383 0.033599588232729633852 -8.0256486803133064711 0 0 0 1
x 672 1709063906.5809063911 0.74794939702327833952 0.23766624710742395576 -0.61974708847141923851 -19.03614345131292751 0.57514447178131489213 0.2340202216501667265 0.78386438365776900383 8.3267865409147088229 0.33133145770728428259 -0.9427350061960432237 0.038342854702316658821 -8.1166385584725215807 0 0 0 1
x 683 1709063907.3143553734 0.7308359443015270962 0.23012505325366264253 -0.64258951252730389658 -19.258762616885007901 0.59982495193673102118 0.2327190842908606061 0.76554023692025363612 8.733310381424431057 0.32571283113629662109 -0.94492554664504890827 0.032044721867305586693 -8.1953864299290319906 0 0 0 1
x 694 1709063908.0477142334 0.7255483381640227547 0.23073550143123899847 -0.64833690058833060021 -19.522426204353067192 0.60460780141852366043 0.23623613929373180054 0.76068514676475151859 9.1615134016985493304 0.32867767553134685787 -0.94390339324854921621 0.031896253233596932875 -8.2982547438890925662 0 0 0 1
x 704 1709063908.7144882679 0.74040159931306759322 0.23860002176722205913 -0.62839120031113360199 -19.741290403513097829 0.58180941511969852531 0.24067346576592821283 0.77690030691074773994 9.5577201723466007621 0.33660551855091042084 -0.94082214763170290972 0.039375279070581366281 -8.3877102258850513294 0 0 0 1
x 713 1709063909.3146083355 0.77179263781379314757 0.24893364668064377199 -0.5851223487011079083 -19.937680822965653249 0.53212090172344750361 0.25091887172280674667 0.80863283717581568855 9.9235744461269987937 0.34811416087821839271 -0.93545270346513609283 0.061194540576712211366 -8.4585796855452084486 0 0 0 1
x 722 1709063909.9144804478 0.7804782219292141221 0.25100586527205431819 -0.57258169711431972093 -20.122514689035813973 0.51714793623624943919 0.25543144859942068514 0.81689215121809655162 10.265231392382119679 0.35130009390976718597 -0.93367597791452683342 0.069551516867189230875 -8.5142580656713544585 0 0 0 1
x 730 1709063910.4479162693 0.78115027580556317677 0.24964970134851363626 -0.57225804708244343288 -20.290843413980720555 0.51575133330147004962 0.25852845642153488015 0.8168008319296257147 10.555776723569424647 0.35185907365594598639 -0.93318704708740807252 0.073192407982435203628 -8.5879806889560814653 0 0 0 1
x 737 1709063910.9145143032 0.79606095029300150134 0.25848305325501336194 -0.54724169595433447277 -20.428256396944469486 0.48654807653955117752 0.264434417458861315 0.83267365020799000153 10.830196735013828402 0.35994156683835237809 -0.92911837301187849558 0.084741480571575794611 -8.6404112717207937067 0 0 0 1
x 745 1709063911.4479284286 0.82188739662345933201 0.27366004250066577885 -0.49961113634499476621 -20.561158038368677836 0.43204983498319926571 0.27214081997131844837 0.85980946367434774036 11.147118732755449955 0.37126007890163831293 -0.92252347201588891235 0.10543433319448115848 -8.680428833615460249 0 0 0 1
x 752 1709063911.9147894382 0.84321675433121312526 0.28342479697045008802 -0.45678866973835907661 -20.664180045030320798 0.38362014238686137357 0.27801350297423255142 0.8806498045151597287 11.4382496326381915 0.37659141041786969861 -0.9178120057111526231 0.1256981820651997539 -8.7083334992514824791 0 0 0 1
x 760 1709063912.4480762482 0.82662766042649227227 0.27373415900347081164 -0.4916872180243686552 -20.768701142252783853 0.42297175293062466706 0.2740899799389358571 0.8636953043640893668 11.771031301205729491 0.3711894477190260111 -0.92192423454113325842 0.11078854115397163138 -8.7433438542219032996 0 0 0 1
x 767 1709063912.9146823883 0.81006602414136830159 0.26705573859815012749 -0.52199067824305278585 -20.871108404968357064 0.45593729556418916005 0.27285528827645394445 0.84715475198650247446 12.07771778661967943 0.36866545523515531491 -0.92424630119560291508 0.099270126641035821846 -8.7789995582521225259 0 0 0 1
x 773 1709063913.3146903515 0.7811567409537769624 0.25756623216183388569 -0.56872997225564636548 -20.968970981549986732 0.50951801141768993109 0.26344666995252147279 0.8191381127525574346 12.31557964956980733 0.36081233491759601151 -0.92965342421123531302 0.074558506974243765608 -8.8057752112896618968 0 0 0 1
x 780 1709063913.7815792561 0.75250055603877052945 0.25622905692862091298 -0.60670386743441007127 -21.095689158511003569 0.55383795481482489542 0.25229232291540698574 0.79348100370777330248 12.605238095442880208 0.35637961763863074127 -0.93311052675529271294 0.047940735669465633917 -8.8364500571148365538 0 0 0 1
x 787 1709063914.2480962276 0.76428193455715398574 0.26392244711670087565 -0.5884029788898335056 -21.232552505158270861 0.53183356588211472271 0.25808354125253679667 0.80656428361280196881 12.935643739707783695 0.36472754429064307979 -0.92937496665983920785 0.056885771231903706213 -8.8862595631167469179 0 0 0 1
x 792 1709063914.5814702511 0.79026570243341143218 0.27517788237078777414 -0.5475009148123362035 -21.332556857512326332 0.48415138152720643694 0.26727812582330739977 0.8331625549510736084 13.168690636680608463 0.37560292622474211743 -0.92349311720468674203 0.077992983191244355523 -8.9244615888054141806 0 0 0 1
x 799 1709063915.0482382774 0.81113489449192932579 0.29151932377256245532 -0.50702728320066448031 -21.470065246197993503 0.43550442860460591987 0.27759143458738211319 0.8563170486850445462 13.470852262507815311 0.39037939811409061441 -0.91540126741150995571 0.098206141789702550149 -8.9640193445224287672 0 0 0 1
x 805 1709063915.44835639 0.83263663788152897371 0.30494900192601370748 -0.46230112976828030558 -21.558809796232818456 0.38316556894225090035 0.28551683309913478137 0.87844424099316309462 13.730615734918080406 0.39987544921772771866 -0.90856273608117954499 0.12088581750722522667 -8.9864610372852453679 0 0 0 1
x 811 1709063915.8482413292 0.85183702408264683203 0.31785245285419538863 -0.41634541153263193713 -21.636962817088232214 0.32744309415440181477 0.29726969629596178279 0.89689004205841038608 14.01960398972104116 0.40884557397953025237 -0.90033357543856140648 0.14914674216636755744 -9.0197949082908799312 0 0 0 1
x 818 1709063916.3148844242 0.84488146129422736497 0.30711654780037633827 -0.43801226183500507894 -21.716227771084501086 0.35352879221669714083 0.29396001553989475896 0.88803429106687281624 14.338293650666933843 0.4014881172466995829 -0.90513365670646583894 0.13978682464566999366 -9.0450685952680345281 0 0 0 1
x 824 1709063916.7150182724 0.82298526257610848944 0.29820848811805272804 -0.48349452372506501741 -21.795053691668979212 0.4037982604346190274 0.29154692019676908821 0.86714898251119765238 14.602496052002218008 0.39955252653657086226 -0.90888508183158089881 0.11952274934314217891 -9.0606356947607391561 0 0 0 1
x 829 1709063917.0482692719 0.80630014520606674289 0.29138209294104194802 -0.51475873091133661497 -21.867812337861504801 0.44108564396397215157 0.2836481065798325818 0.85146180536420112972 14.820876404406018167 0.3941110624720013389 -0.91358646472377080805 0.10018105082167634567 -9.0766109535671528619 0 0 0 1
x 834 1709063917.3816242218 0.78907146760176205547 0.28849199676982800744 -0.54234544908454163092 -21.944130084749779996 0.4721111593246867244 0.28007145057223009621 0.83586544101460691358 15.037999676935065452 0.39303596696107667707 -0.91560491004378519175 0.084796098881110129608 -9.0946953478517933434 0 0 0 1
x 839 1709063917.7150332928 0.78684932461319212482 0.28822226276752566099 -0.54570694231827077125 -22.015846260658619826 0.47677241032065698079 0.27756603489561304521 0.83405345437118871832 15.24399647947588754 0.39186248631256598296 -0.9164524125152651024 0.080986223540209414939 -9.1172253595915577762 0 0 0 1
x 844 1709063918.048412323 0.79639025966131782308 0.30114593933825917205 -0.52447466738046411017 -22.097295120163245485 0.44999312151010978367 0.28433825609296747849 0.84655652289848359882 15.459100557914016605 0.40406527179791201787 -0.91019936295864578568 0.090930615652758575718 -9.1337389352669760001 0 0 0 1
x 847 1709063918.2485394478 0.81963212653700712185 0.31456458108002660623 -0.47880298731726633754 -22.147354642569847982 0.39727508995098975708 0.29008007436606925156 0.87064691644935265913 15.590016368220565468 0.41276588888092269336 -0.90382668461139437088 0.11279027534584368242 -9.1461096444216796186 0 0 0 1
x 851 1709063918.515055418 0.83972727283650838714 0.32302887521838519191 -0.43647503053904923576 -22.224916615396974606 0.35022641567539786189 0.29208181000130695182 0.8899604899921931267 15.772080179916468268 0.41496935313427729675 -0.90018918183754981222 0.1321358160756688771 -9.1572352109036518897 0 0 0 1
x 855 1709063918.7818112373 0.84941414063115283639 0.32892949029307610997 -0.41267542607569251967 -22.275229019283099063 0.32240709473517326078 0.29563254803186067576 0.89925250157589442512 15.938674029646962893 0.41779095482464456701 -0.89688727722878647253 0.14506526481063133915 -9.1632400926341066594 0 0 0 1
x 860 1709063919.1150672436 0.854709724048436148 0.3380361645976400764 -0.39395791436414107078 -22.344966685525484706 0.29934819230511350296 0.29906548878609651165 0.9060631837717482151 16.159341939632732021 0.42410133982804648634 -0.89235160438762384238 0.15442366608815621953 -9.1692697599064132419 0 0 0 1
x 865 1709063919.4484462738 0.85236870805367970227 0.34109052343758394787 -0.39638975719184449398 -22.38470205031503113 0.30016715932542387124 0.30157355624386289472 0.90496025683103664683 16.370567359352939718 0.42821403651085593323 -0.89034299345992939934 0.1546676885147582059 -9.1660470573267573968 0 0 0 1
x 870 1709063919.781822443 0.85419452350071956026 0.34464704842207882773 -0.38932008341024487708 -22.424679437560236295 0.29140683839790276766 0.30279149705067182063 0.90741355709100712801 16.572115125496260646 0.43062021510119380396 -0.88855822676855134024 0.15821033130959671897 -9.1647634049228017261 0 0 0 1
x 874 1709063920.0485384464 0.85332639413605748668 0.34578101820140655365 -0.39021731357400124551 -22.45274416192938105 0.29254957891985550189 0.30196168787030164271 0.90732236978885272283 16.732274148823076843 0.43156553158301513839 -0.88840003799391398243 0.15651378649945763 -9.1609767805801176621 0 0 0 1
x 880 1709063920.4486632347 0.84661883737286713902 0.34384888506631922089 -0.40620744424022559027 -22.506894571814843431 0.31059249182789627763 0.30057367930526335265 0.90176924268510127991 16.99421100883480662 0.43216761483465709892 -0.88961981125795941416 0.14767445638816095732 -9.1604216372281506153 0 0 0 1
x 888 1709063920.9819383621 0.83644502806728882049 0.34021769609435187354 -0.42966455934983754927 -22.575180893318119502 0.3348664849843684399 0.3033530885698142443 0.8920994006479694427 17.333406848060800343 0.43384807399544905726 -0.89007237006381190181 0.13981067812153469276 -9.1766941394818051236 0 0 0 1
x 896 1709063921.515304327 0.83325325481211776069 0.34472649496797802549 -0.43226456756542497306 -22.652576015374307872 0.33634347331517333579 0.30446983778933645048 0.89116282776278332722 17.652375382940952875 0.43881896091054661824 -0.88795369388201150773 0.1377539761855157141 -9.1877337417314919321 0 0 0 1
x 903 1709063921.9822013378 0.8324978002728148363 0.35126955653359182019 -0.42843565502950264889 -22.72999469013881324 0.33331699206119225209 0.3001502160547229181 0.89376150645816254681 17.91048415618530143 0.44254626253516482493 -0.88685937293378858115 0.13279028212907639794 -9.1826174143077423651 0 0 0 1
x 912 1709063922.5820922852 0.83421850764047245086 0.35018240553307933283 -0.42597155255231600179 -22.799840904078891413 0.3279285401195369265 0.30600244207866283963 0.89377031605089629629 18.298140415286798799 0.44333097469550281078 -0.88528796969991563337 0.14043809499106674199 -9.1950553159438435102 0 0 0 1
x 921 1709063923.1820292473 0.82737478634873018457 0.34944888709388866044 -0.43970039510182512554 -22.879666808451144533 0.34434728971092160021 0.30286376677119575263 0.8886498087921755884 18.635707373913966478 0.44370700470643370528 -0.88665608613084023748 0.13025006660902591071 -9.1894286290757900559 0 0 0 1
x 929 1709063923.7154023647 0.81691686026099574747 0.34585055246270918206 -0.46155632166342852596 -22.972905974059788292 0.37023935126186818811 0.29914938804350660329 0.87945009305356613982 18.965838798175074231 0.44223259183624830104 -0.88932392296501627804 0.11633269408661674194 -9.1964851020132574178 0 0 0 1
x 936 1709063924.1822042465 0.80791738968232673646 0.35048622440398830014 -0.47373927134764703961 -23.051502171188179346 0.38693975847517825262 0.2908175719636680312 0.87504443482960680978 19.266594489008110003 0.44446272491886157363 -0.8902721759526476264 0.099339518013902769478 -9.1941155021649763057 0 0 0 1
x 942 1709063924.5822954178 0.79969194549055899746 0.34984701906787990522 -0.48795476720409036719 -23.114562723438265124 0.40383399792659424588 0.28800116251213730978 0.86831643557460147509 19.51684294125144703 0.44430945695284335129 -0.89143838516472162503 0.089032088979922346939 -9.2091615497039214233 0 0 0 1
x 949 1709063925.04941535 0.80720444252408618535 0.36490418508941058207 -0.46396758827637091249 -23.182265293469367151 0.37344249291253350798 0.29301348378168856623 0.88016123673042434561 19.788450866293338493 0.45712327837616167914 -0.88373527420137509836 0.10025105669284499477 -9.2162914371349256015 0 0 0 1
x 956 1709063925.5864043236 0.82793745681504082867 0.38083798818407965658 -0.41168190841602053665 -23.281018572435833391 0.30990755099981132092 0.30112396703548316435 0.90182130496180901158 20.120150714953176418 0.46741510096197241841 -0.87423497079685308364 0.13128724270514036121 -9.2421400471537555887 0 0 0 1
x 958 1709063926.1231954098 0.83813701611917434953 0.40487122678119863428 -0.3655210407700813513 -23.303500971579758527 0.25355409097355108283 0.30412914290270959272 0.91826781888419350963 20.427727745171480933 0.48294581921111778833 -0.86231360604216711341 0.15224513595005786937 -9.2023711667461416397 0 0 0 1
x 963 1709063926.7937352657 0.85269089651017249132 0.42799463237709922669 -0.29956439858180344826 -23.393286442066575148 0.17744337754045999556 0.30205284532589032898 0.93663115809847030668 20.86059314874077586 0.4913573870895716067 -0.85181258168927920238 0.18161289786915174593 -9.1792325026919883157 0 0 0 1
x 969 1709063927.3970122337 0.85734913835723070008 0.44554255685422233801 -0.25776788828220004168 -23.433830017056635597 0.1281175555213796835 0.3003088703916592106 0.94519864276743348341 21.259869809267776475 0.49853620331340964267 -0.84338983479185480885 0.20038772756330031077 -9.1594895323448586311 0 0 0 1
x 976 1709063928.0000092983 0.86028474539655763742 0.46350512952569083991 -0.21230438300946324892 -23.45301772813785135 0.07606824713337370647 0.29507183787009721998 0.95244224610290306732 21.615615420372417788 0.50410691100399063203 -0.83552115862203957253 0.2185877777500330188 -9.130199568430038326 0 0 0 1
x 978 1709063928.4016683102 0.86381895776543604626 0.48096411791356219467 -0.14996774566259063466 -23.448727928604114368 0.002478357440767811181 0.2936114276760436459 0.95592164281985647634 21.852025590648864295 0.50379625346218948057 -0.82611491211523080391 0.25243511600977741605 -9.0998405566029543223 0 0 0 1
x 983 1709063928.7365233898 0.86458330042595510356 0.4943957413001583423 -0.089825202383770882952 -23.452893420283793091 -0.069883308196813376245 0.29532758071448234061 0.95283678728993093099 22.04396755118726503 0.49760630929089050278 -0.81752949314890599464 0.28988530404789064621 -9.0799175125504092421 0 0 0 1
x 991 1709063929.2722043991 0.8552988388506649331 0.51785315153248490105 -0.017088276329046098861 -23.429715699675540463 -0.15613645565863865095 0.28904555198496745261 0.94449673156447389033 22.329542504930572022 0.49404989904877999463 -0.80515885603839398854 0.32807608030699947355 -9.0287583440666434598 0 0 0 1
x 996 1709063929.6068463326 0.83877827558539630459 0.54068921459773477967 0.064079459369310629024 -23.407372872458324764 -0.25204744557628100399 0.2812675550330250851 0.92593771255863899228 22.521701294679747463 0.48262106139329513654 -0.79280750301248392731 0.37220044989658535028 -8.9993230986169763241 0 0 0 1
x 1001 1709063930.1420612335 0.79908536755320824785 0.57459037393209988487 0.17694201615193996813 -23.335672871797125794 -0.38656992529150718818 0.26563485594459956829 0.88317711476405391657 22.814875916255203947 0.46046310127361345099 -0.77413437244701477358 0.43438428419202224084 -8.941664963910040953 0 0 0 1
x 1002 1709063930.409866333 0.77662020111628504715 0.58886670876944191555 0.22382372982070383727 -23.289573339599972002 -0.44227036996876545327 0.25663974069621686702 0.85937940586749139715 22.966764301215295774 0.44861785793457897853 -0.76640201194401247342 0.45974990400712684169 -8.9012582671958675462 0 0 0 1
x 1005 1709063930.8110613823 0.75375337827664801171 0.6019842377195511185 0.26357318104481003429 -23.206181456864861445 -0.49172851388486593649 0.25057890013244998872 0.83391443406904686153 23.183750770323857893 0.43595746668756929498 -0.75817227163026379433 0.48488750692333487669 -8.8559800882107300168 0 0 0 1
x 1014 1709063931.4128243923 0.76194279511821350059 0.59912498866291508115 0.24595207731285684272 -23.043913121939016975 -0.4738917537497809862 0.25690695679598868351 0.84227395856207909475 23.534274112407235435 0.44144057578439405143 -0.75831923664660139117 0.47966879613062440857 -8.7636321615070116309 0 0 0 1
x 1021 1709063931.8811802864 0.77435157069294602294 0.59460986584619601736 0.21637641228864123999 -22.912772796469798919 -0.43989971393502802499 0.26008374849562593267 0.85956075145771726476 23.787937685007456423 0.45482731432416217965 -0.76078614103790387357 0.46296496882587684363 -8.6885219946525964474 0 0 0 1
x 1027 1709063932.2820384502 0.79423531735228558581 0.58295770030636584469 0.17132010913344108971 -22.818931891607334705 -0.38688790649005472266 0.26778851794490154958 0.88238713579501815154 24.006204227018251629 0.46851681697424230055 -0.76710470630615479326 0.43822638254409645997 -8.6282445241722580676 0 0 0 1
x 1031 1709063932.8169293404 0.82744554445561457889 0.55717219617761803985 0.069950083236686499966 -22.676382524049436995 -0.26659564002075264444 0.28013880399764068407 0.92219792628216468167 24.285589997456135336 0.49422731093916871803 -0.78171695351408021502 0.38033928315441906109 -8.5515004027680330267 0 0 0 1
x 1032 1709063933.1510503292 0.84184646224338199882 0.53965394606594141447 0.0082554260873056901915 -22.630126258304603226 -0.18979639907306664059 0.28168942867634272353 0.94054685823794814681 24.474696290808921617 0.50524435699518699394 -0.79336289632771750391 0.33956362441891380088 -8.5175190830502103267 0 0 0 1
x 1034 1709063933.4182343483 0.84637138215269624997 0.53202503064482542516 -0.024593693623014268451 -22.60277867478304259 -0.14854668099799397951 0.28015619611073749873 0.9483914746843431498 24.618903810225912565 0.51145807882270921674 -0.79903809264628611331 0.31614673914616131523 -8.4853691291223807269 0 0 0 1
x 1039 1709063933.8191504478 0.85246321952190973192 0.51816376470800717957 -0.069374144000175372304 -22.537708348789667667 -0.09306314564065153172 0.28098891047635826679 0.95518819244562225279 24.901480523913107845 0.51443727475325085052 -0.80780662664105196136 0.287754660908734472 -8.4277110390090328451 0 0 0 1
x 1045 1709063934.2200462818 0.85084336922149761406 0.5088492194540805702 -0.13091230818792534696 -22.490300568296067496 -0.020970064210190431098 0.2818463603292533648 0.95923036099631620033 25.175344759794473504 0.52500077790045007742 -0.81340955362566624842 0.25047770733372437535 -8.3892821795555168052 0 0 0 1
x 1052 1709063934.6878614426 0.85165391342346707937 0.50177364648375433198 -0.15135659537524201457 -22.444064532906335074 0.0027042325659766496514 0.28457991855024528105 0.95864850544457336223 25.497971512665248639 0.52409760373249780763 -0.81684605556600220488 0.24100668837705266356 -8.3583539787024800916 0 0 0 1
x 1059 1709063935.1552524567 0.85085311626949644559 0.49727775533630258487 -0.16959896264171531177 -22.413758634316316432 0.024589667842038021722 0.28475427137899150809 0.95828511052543441373 25.841001392569747708 0.52482789765594750619 -0.81953025556666236895 0.23005616405130802082 -8.3281780937436149514 0 0 0 1
x 1066 1709063935.6229143143 0.84677554918573316733 0.49097255181306670435 -0.20473671422536821041 -22.389303613786943004 0.067083367064393259471 0.28324724704736309322 0.95669787230703062786 26.196839349436952915 0.52770350629003548448 -0.82384279516056635462 0.20691075093717459232 -8.3073422526618010409 0 0 0 1
x 1073 1709063936.0901913643 0.8416087252215339598 0.48802891139194282122 -0.23134937809884392745 -22.380680333450897024 0.10153508569297342579 0.27774794009339609513 0.95527310655299946252 26.547304926338721742 0.53045770742799169817 -0.82745626117868709137 0.18420303211419616907 -8.2912555605649256307 0 0 0 1
x 1081 1709063936.6243553162 0.84070000076741546735 0.48846896685768614876 -0.23371259400444177601 -22.375062313422247939 0.10541944233869979253 0.27570475731198812452 0.9554442045012848661 26.935055781329609204 0.53114051740816237146 -0.82787979560801716605 0.18029086327161986114 -8.2652205154491458217 0 0 0 1
x 1090 1709063937.2252793312 0.8401417372569959241 0.48912697267716453986 -0.23434305053135898178 -22.376482638439533446 0.10288865172374475621 0.28049633403002777188 0.9543247518253793471 27.385370330264123595 0.53251834333120595666 -0.82587929623664935175 0.18533106227824777679 -8.2584113218087935593 0 0 0 1
x 1100 1709063937.8929274082 0.84040273826332567708 0.49159773424845953915 -0.22815543975730032122 -22.380985023038299175 0.094918780807465283345 0.28096421623991235661 0.95501284504698524813 27.890897950924429693 0.53358566505044158212 -0.82425164701006103929 0.18946123878592338596 -8.2495545033171939764 0 0 0 1
x 1107 1709063938.3600952625 0.83773865033478267517 0.49461299110490830611 -0.23141292586753695049 -22.39559605612122084 0.099926673588009010119 0.27776860795012686678 0.95543668565213846211 28.240952933246081358 0.53685064311166630358 -0.82353056422132653314 0.18327246750118281193 -8.2555580791508997862 0 0 0 1
x 1114 1709063938.8274004459 0.83689848776970976463 0.49284833294802921078 -0.23812064456502785026 -22.398611450127290823 0.10685980872980521683 0.27955010982033262623 0.95416597996054675068 28.607989896719605127 0.53682576484855326626 -0.82398559305741669867 0.18128938524701027069 -8.25734316544340885 0 0 0 1
x 1122 1709063939.3614802361 0.83798691419749482545 0.49064342567863428179 -0.23884505421915339096 -22.406376612441960106 0.1053325825674294447 0.28402544582076449942 0.95301342757962670404 28.995125975523190931 0.53542784577282742653 -0.82377094857845056808 0.18632886739659090813 -8.2453092987305982575 0 0 0 1
x 1130 1709063939.8953094482 0.8351631280679936431 0.4927114761648948571 -0.24441348210330754442 -22.416494472137951988 0.11529219453593522737 0.27768112836945646471 0.95372999364457533567 29.402157018264112764 0.53778272446963581999 -0.82469909237474059438 0.17510325206802149212 -8.2277628894607151011 0 0 0 1
x 1137 1709063940.3622944355 0.83261757414560710888 0.49784058709827622158 -0.24269883497371066983 -22.41524048850029871 0.11085414331879063499 0.27953929936364257935 0.95371334215105363352 29.742278468003796377 0.54264107240118841791 -0.82098266164363675745 0.17756164115922795643 -8.2069646220700391837 0 0 0 1
x 1144 1709063940.829438448 0.8326798772512689073 0.5048315689376968729 -0.22757264463450543879 -22.404075879751193412 0.091425020230536849231 0.27999326799284207645 0.9556386531884334401 30.081492939770644313 0.5461553690324938426 -0.81654691083585373423 0.18699052330775900455 -8.1876702358565776052 0 0 0 1
x 1150 1709063941.3633432388 0.83529981108657069822 0.50638667118078828366 -0.21411857546699536448 -22.409129119059183921 0.080007075873014948941 0.27334899586940925031 0.95858186620960772473 30.46368856307007178 0.54394217782229958846 -0.81783425363558581722 0.18781384745796397828 -8.1696290343839468306 0 0 0 1
x 1154 1709063941.9638624191 0.83302605546550634319 0.50386349634948690568 -0.2284494858603934031 -22.414025086399561815 0.095565095378096889811 0.27567248045038461601 0.95648941237351925437 30.931057873034351502 0.54491733591650459712 -0.81861239984128153502 0.18149059562687280822 -8.1659428786644099318 0 0 0 1
x 1159 1709063942.5641543865 0.83462333715280612179 0.5051287440658369654 -0.21965617812591584079 -22.442837045259800277 0.080465298954738001536 0.28269172810080300806 0.95582986061799946054 31.378556466883743781 0.54491212155590240673 -0.81543260877204859494 0.19529577778497486662 -8.164707489185905942 0 0 0 1
x 1165 1709063943.0980372429 0.83623632770800648828 0.51421474801060262916 -0.19050458457984886795 -22.439979994183399725 0.043120682987352360049 0.28466496086741011062 0.95765675828514829071 31.821722779545719817 0.54667120867247098737 -0.80904205926263261794 0.21587389008487939401 -8.1604121866937653351 0 0 0 1
x 1173 1709063943.6316902637 0.83742151180365098639 0.52328777199798026665 -0.1577818710618444642 -22.419537926835314323 0.004353752548113109383 0.28228710897188408202 0.95932008885072872495 32.192315702361419483 0.54654026004876565814 -0.80404222309395045887 0.23411503179536036212 -8.1363919253480680993 0 0 0 1
x 1183 1709063944.2986843586 0.83816372961902074756 0.52139637473193378714 -0.16008554717098993914 -22.390355597252987963 0.0061321046452640489907 0.28448253191997452394 0.95866161196485777385 32.696017271467837872 0.54538423076744557694 -0.80449705411783656306 0.23524568257543010397 -8.1086862456676733757 0 0 0 1
x 1190 1709063944.7657873631 0.83742541092492106536 0.50684047453357716773 -0.20452729429478705425 -22.374473172558339229 0.063365493519000976042 0.28165628852754537315 0.95742077965713101584 33.081989832694027598 0.54286600085149472328 -0.81472846342683580279 0.20374993606532734725 -8.0929720295364777627 0 0 0 1
x 1196 1709063945.1658232212 0.83328173218875023487 0.50682892945433533072 -0.22083023022779998956 -22.335644732360407261 0.08719622781965709335 0.27395460418616579545 0.95778165189268327229 33.388881771795013265 0.54592890755206446851 -0.81735751770417786055 0.18408779599594873866 -8.0638671190237047881 0 0 0 1
x 1203 1709063945.6326594353 0.83491004639823429567 0.50868345500387612823 -0.21015793251108441653 -22.338312242071960867 0.074370206045976217091 0.27406717789755913328 0.95883067036363167635 33.726168662368053219 0.54533868958408604488 -0.81616684888127633002 0.19099054658066624834 -8.0660636519889390428 0 0 0 1
x 1211 1709063946.1662752628 0.83488569025276715418 0.50695045320257314803 -0.2143994445441103347 -22.345807816766740217 0.078731414794196902251 0.27552361689221577246 0.95806476858374534089 34.082972274128749746 0.54476347899396337926 -0.81675453787057283872 0.19011779839871439934 -8.0823873770860199528 0 0 0 1
x 1218 1709063946.6333422661 0.8349538114036245684 0.50548836050520673524 -0.21756297898325355211 -22.350018279148372358 0.081550112072889605064 0.27732473630614645765 0.95730902525350280996 34.407793622291194424 0.54424416540465714309 -0.81705110524117718906 0.19033071286900554719 -8.078673001912100915 0 0 0 1
x 1227 1709063947.2334542274 0.83586734796758910271 0.51366871422087190258 -0.19357228158328185219 -22.331808665458414254 0.049119535192779548161 0.28122967225039141592 0.958382565947373255 34.87769912526977123 0.54672940962886074079 -0.81058887487927488991 0.20983953154801043839 -8.0522529760938166277 0 0 0 1
x 1236 1709063947.8336772919 0.83834678270571916237 0.52771581852332005713 -0.13671388516183363704 -22.291365018612076199 -0.022998150546061836563 0.28480243763560753045 0.95831031330681692992 35.31419793076367597 0.54465195904576246821 -0.80025220213662329183 0.25089969488294577848 -8.0160933894043200354 0 0 0 1
x 1244 1709063948.3672914505 0.83803263827613516668 0.53528596225721125634 -0.10568933461939407359 -22.259688170327731171 -0.060490848859154393302 0.28366066426272401602 0.95701488218164421085 35.679727882124787186 0.54225653886277325189 -0.79561646964328336384 0.27009679685647314251 -7.9860404621277494286 0 0 0 1
x 1251 1709063948.8341434002 0.83239772026855829434 0.54967564950197633777 -0.070503299871602517768 -22.210370789933094215 -0.10779960188854900704 0.28539454299367633672 0.95232830507045229673 35.99798073875638238 0.5435929365464867713 -0.78511568307076851081 0.29681658292677909339 -7.950878182293635632 0 0 0 1
x 1255 1709063949.1009004116 0.82237287025447958211 0.56881534254309773502 -0.012327530869113300163 -22.172199742801801392 -0.1845512017497060453 0.28718790808263111591 0.93992763518378596999 36.179246508405960014 0.53818557741883632506 -0.77069592718945745258 0.34115109909433533053 -7.9186775328689789077 0 0 0 1
x 1258 1709063949.3009324074 0.80935572367977404173 0.58592630727628858267 0.040418741872664851189 -22.139923015110849036 -0.25399302638825649314 0.28713486077991956513 0.92360224894655329475 36.316576912854820591 0.5295572251219134996 -0.75778884578973915165 0.38121543885777497973 -7.8993308081684379118 0 0 0 1
x 1261 1709063949.5009522438 0.79139287765891197513 0.60384784042438477414 0.095210810970816101007 -22.110520451085331928 -0.32335295228820204461 0.28132404925761794745 0.90349302572877732143 36.437165993284345689 0.51878722134525467879 -0.74580464304132110254 0.41789383063401214224 -7.8777353698363450363 0 0 0 1
x 1263 1709063949.6343662739 0.77386658227642379781 0.61718027568810374106 0.14219359996793634604 -22.089648536391202072 -0.38315803535310383188 0.27744982790265876327 0.88102866748816321962 36.522754043876126673 0.50430192583766952907 -0.73628126482965183808 0.45118673177294948973 -7.8682473897144165065 0 0 0 1
x 1265 1709063949.7677853107 0.75173874012595987004 0.63077582332896375839 0.19238172217434940103 -22.070515906116259686 -0.44342981763845756848 0.26756265906605142257 0.85544153528175892465 36.594059009573726371 0.48811767334575434374 -0.72837633462731610212 0.480842024380724542 -7.8356037308019317322 0 0 0 1
x 1267 1709063949.9010672569 0.73149393435576770539 0.64190765510145242345 0.22993735246930532834 -22.046808564456913615 -0.49108110412815880741 0.26202756940927879326 0.83077126937777512339 36.654957591766610392 0.47302851161755155029 -0.72062203397827973017 0.50690029751258536272 -7.8102399156442503525 0 0 0 1
x 1270 1709063950.1011264324 0.70037260543582335881 0.65839120962552755145 0.27567957557555727854 -22.00540260280474314 -0.54980162614590688541 0.25131192651877565236 0.79659305009406888853 36.747276207096305711 0.45518829631653873191 -0.70948102959242276278 0.5379965462870928139 -7.7738099737490369279 0 0 0 1
x 1272 1709063950.2345414162 0.67508552844311775498 0.6690744751408700397 0.31080359676935581659 -21.978656872372191344 -0.59473233510297762727 0.24428977084294273281 0.76590858294120844896 36.807014406634351644 0.4365237434313417042 -0.70189874997159618086 0.56283671385876032911 -7.7427017908265858281 0 0 0 1
x 1274 1709063950.3680653572 0.64648708942156996038 0.67784259500858246028 0.35011977859633308663 -21.946861821028736728 -0.63963866524047419126 0.23143704625110389506 0.73300700646006589078 36.861075352776786929 0.41583268374938553436 -0.69782971463415177649 0.58319539501844264162 -7.690116547291007798 0 0 0 1
x 1277 1709063950.5679953098 0.60010585015882145221 0.69383187624040609798 0.39808327755471467624 -21.893133533081915232 -0.70186656733614294357 0.21797695064843139456 0.67813669022151634724 36.939605113690937799 0.38373987288610655888 -0.68635513919307422626 0.61778664045686482176 -7.6481169864243101486 0 0 0 1
x 1280 1709063950.7680413723 0.55402819643026579577 0.70662062355189914076 0.44015912088070535679 -21.847700661245934128 -0.75295158783326154861 0.19977991178607173994 0.6270182558840614595 36.990556515218997902 0.35512908035873486101 -0.67880430298321137172 0.6427348246253201669 -7.6038956792792111727 0 0 0 1
x 1283 1709063950.9680762291 0.50685033176148086564 0.71659367871489332291 0.47916201909506273005 -21.80250498157579031 -0.7989621908465948108 0.18180173492147830294 0.57324300847924780644 37.03236366344641084 0.32366982957957524114 -0.67338074621596211156 0.66467752506629096398 -7.5670977924583429086 0 0 0 1
x 1286 1709063951.1681363583 0.44834380844056365145 0.72668454721740038948 0.52049726025152009967 -21.77286107969888107 -0.8412110907310231811 0.14612606261871199931 0.52058724019619073697 37.049587276772953714 0.30224448736665188164 -0.67125013459878113409 0.67680981597217426682 -7.4994336690739720197 0 0 0 1
x 1291 1709063951.5016372204 0.36583767248597587329 0.74185926273003521825 0.5619676426348357845 -21.735230389893629876 -0.89688458548427907324 0.11978795068108330502 0.42573335221918134907 37.063195958283493781 0.24851727825921543502 -0.65976941551350842818 0.70918508238912625341 -7.4675052550020240005 0 0 0 1
x 1294 1709063951.7016203403 0.33112669778065639825 0.73523518421432709768 0.59142567883359753456 -21.704297694580965583 -0.92091136378941129692 0.11523001504736757328 0.37234970603960532154 37.072257329571989715 0.20561461451457455074 -0.66794555787956355619 0.7152421704718846529 -7.4065993149155060493 0 0 0 1
x 1297 1709063951.9017534256 0.30370398561305328444 0.73902107080382517523 0.60134162147415382016 -21.680740462945735203 -0.93475432836827032634 0.10897176252737036939 0.33817081554258049403 37.083420513012974595 0.18438610155939239021 -0.66481050872408864461 0.72389830324364423664 -7.3867687030033302165 0 0 0 1
x 1302 1709063952.2353203297 0.26586125699134022238 0.72850917079969190748 0.63134157128445766993 -21.634020889410887634 -0.95085454915953138144 0.090339902007709763088 0.29616604873507357265 37.126632620927736639 0.1587243465502937434 -0.67905308394766505931 0.71672413903653575673 -7.214791714073869322 0 0 0 1
x 1304 1709063952.3685593605 0.25810768275047424325 0.73003707201603362797 0.63279245978355125324 -21.635159188556052356 -0.95442911989141543394 0.091107054691315525474 0.2841910618545813727 37.125456115443121519 0.14981815311919419176 -0.67730744769883188816 0.72028407088238732836 -7.2164325139662057751 0 0 0 1
x 1305 1709063952.4352223873 0.25005823330418863737 0.72899825673557361316 0.63720673338707656264 -21.625509545869228134 -0.95620271563627035061 0.08252212746824502676 0.28083173813510192707 37.130127695807729538 0.1521421919113310206 -0.67952309793159815232 0.7177054502518884771 -7.171759811407685703 0 0 0 1
x 1313 1709063952.9688513279 0.21170664660962837389 0.73058369930379429835 0.64917467107766291257 -21.414401039621456135 -0.96871178805774960097 0.068827985065744390347 0.23845372753183485814 37.195470104699033698 0.12952902147504954944 -0.67934539615452671502 0.72229638363997350492 -6.9571736436913660384 0 0 0 1
x 1323 1709063953.6354422569 0.17607889233159823572 0.73284064611170163239 0.65722204050732857539 -21.161213615703776014 -0.97664506250220606276 0.046544337958276497946 0.20975711325081589087 37.266098717929629913 0.12312857330358620289 -0.67880646170059588673 0.72392067416102734434 -6.6970289244203025092 0 0 0 1
x 1335 1709063954.4357163906 0.22383673708300738658 0.72115464922873007136 0.65561656972421789025 -20.904036342672515758 -0.96529593932649127019 0.071178916250793075604 0.25127139007818616312 37.33607316942387655 0.13453945395256278195 -0.68910778124199700834 0.71206011096119714576 -6.518547373705012582 0 0 0 1
x 1345 1709063955.1024672985 0.22695438758809954871 0.7017128995965388194 0.67534488362204470047 -20.654915150086122111 -0.96309176484929082118 0.058659624943439493683 0.26270382754695198457 37.422366982477086594 0.14472718665006401029 -0.71004088279547883378 0.68912697432068692471 -6.2150013559649153194 0 0 0 1
x 1353 1709063955.6358802319 0.23852348793883998423 0.69226145205383848857 0.68108782625364228114 -20.608865858822969841 -0.96385747941491717317 0.083044908332162006848 0.25314482538056048977 37.442631413924218009 0.1186815279624574837 -0.71685258291948428244 0.68704953960549430825 -6.1375564624663700997 0 0 0 1
x 1361 1709063956.1692912579 0.21474434692826960269 0.69140703659832170036 0.6898124199715908178 -20.288148880623609216 -0.96694858759458490738 0.051103333476046078343 0.24979767477769082573 37.476930416094241139 0.13746015567306207883 -0.72065578428328502802 0.67952920950546935597 -5.8245645985354483898 0 0 0 1
x 1366 1709063956.5028474331 0.21022361208823597822 0.69356221947069285338 0.68904098586437012575 -20.127393080562058003 -0.97052116796610810034 0.063071181882299084953 0.23261704285998147101 37.543174488178856052 0.11787576294804810728 -0.71763045783752132944 0.68637586703831088286 -5.7398724686865074673 0 0 0 1
x 1372 1709063956.9027192593 0.21230224004429559814 0.69013489078163081647 0.69183928118463311474 -19.855434357353157537 -0.96789040644633894672 0.050992543501618352308 0.24614613888541819753 37.586935717897077325 0.13459539383508214994 -0.72188198011521109709 0.67880077127197657738 -5.4921505065278628521 0 0 0 1
x 1377 1709063957.2356734276 0.25963613905066446064 0.68557350476566591979 0.68013090244462293121 -19.697196432331917748 -0.95233112821943977089 0.06495669290656685968 0.29807054593879200866 37.642027734767850689 0.16017021447589857575 -0.72509971575126785925 0.66975809433623401112 -5.387608467759480213 0 0 0 1
x 1382 1709063957.5685462952 0.29771209555002203784 0.68401458537251191849 0.66595161606140929056 -19.574648960073773196 -0.93373281865741486474 0.063390339998037670277 0.3523133381129872066 37.672570369378370003 0.19877256240514487584 -0.72670882195752128929 0.65755893781073559978 -5.3623288832223030553 0 0 0 1
x 1388 1709063957.9681963921 0.34936374524373353667 0.67973340192363052026 0.64490888939364920951 -19.420396236874552187 -0.91099266716713012126 0.085415222567737772441 0.40348060695721388313 37.752587813065296984 0.21917420914052318515 -0.72846876538504923282 0.64907312687902851689 -5.2823231211045165168 0 0 0 1
x 1393 1709063958.3009934425 0.38574900640153808595 0.67644274419477534721 0.62739375015314846618 -19.27819486492925094 -0.89204795658576663264 0.099898431754429042884 0.44076155288597335113 37.813251333501149531 0.23547430254295304008 -0.7296886441145087332 0.64195508848297677673 -5.202865167111767164 0 0 0 1
x 1399 1709063958.700656414 0.38889062560909731792 0.67145784264139496411 0.63079984677014167005 -19.132105332860671609 -0.89052292647550268523 0.098517839951664909481 0.44414316687736282718 37.895058647252021444 0.2360783742009117947 -0.73446483979309817869 0.63626126746389355393 -5.107458991813351723 0 0 0 1
x 1406 1709063959.1667442322 0.42007581689338246989 0.66476816436817875999 0.61775366898928274484 -18.913296066584262434 -0.87199991778193197689 0.10717947099535542199 0.47762820731559740839 38.040311144412214617 0.2513015150860470337 -0.73932120809421730812 0.62470128853213646725 -4.9653014399449180161 0 0 0 1
x 1413 1709063959.63296628 0.43305002556124011504 0.66637145743600856296 0.60697343923643765073 -18.71070743556726157 -0.86152730773292907074 0.10800372324906626353 0.49609061050279890104 38.148697961275395585 0.26502523170349717718 -0.73775624467245559668 0.62086822282233522508 -4.839286887234711898 0 0 0 1
x 1418 1709063959.9658484459 0.38670965645463362126 0.6752643839030738615 0.62807137596296502835 -18.527472495596263968 -0.88955889958179523713 0.093540388724287298894 0.44714109612377267444 38.249184775096814803 0.24318841605895039071 -0.73162026194583618111 0.6368604138640893142 -4.72675009485917208 0 0 0 1
x 1423 1709063960.2988812923 0.33631152401823721787 0.6837493887852109653 0.64759658124059882311 -18.376000728206371093 -0.91574418097523901938 0.076946472145726516056 0.3943245305464485595 38.321801243227021416 0.21978888437179472382 -0.72564868496124468322 0.652017509334010259 -4.6475330723756203 0 0 0 1
x 1427 1709063960.5653512478 0.29646912334660330268 0.68721734667480105507 0.66320311915055407681 -18.240480655144882149 -0.93586717549977138653 0.070591725819399583908 0.34520926703062748686 38.388780842917043401 0.19041714373006621286 -0.72301391885762511524 0.66407242422512613444 -4.5554816287853023837 0 0 0 1
x 1431 1709063960.8316934109 0.27993162266580612352 0.68836097117765515652 0.66917670304800791481 -18.132100340495210133 -0.94264035086259256868 0.065052613055482502724 0.32741002805025376521 38.436159707148988218 0.18184459169900610287 -0.72244538271025793286 0.66708711091710204411 -4.4885357815069157894 0 0 0 1
x 1436 1709063961.1648552418 0.26784072911633288738 0.68610978779638842617 0.67639833140753147234 -17.945254784262413494 -0.94825548535111459092 0.063482147221170501239 0.31109733451446119901 38.52769017718485145 0.1705077076094748123 -0.72472296513345380031 0.66761047444088161829 -4.3439159433919583009 0 0 0 1
x 1441 1709063961.4978013039 0.24908958776822090475 0.68841702835791096504 0.68120215225207170207 -17.826954674067813755 -0.95454779329760297557 0.055632431669943506469 0.29281998367337586098 38.561580379824839326 0.16368533075045613168 -0.72317842043640512273 0.67098441474476666624 -4.2743284935361458565 0 0 0 1
x 1445 1709063961.7642123699 0.22619789933899209222 0.68471713547273027611 0.69281812517012109076 -17.692355777969268615 -0.96408272928298544002 0.055723621204342432822 0.25969091074950712006 38.633932387531537245 0.13920848164931243218 -0.72667552775762378481 0.67272853081143602072 -4.16108627405197673 0 0 0 1
x 1449 1709063962.0305473804 0.2155211381115006708 0.68367322375306893711 0.69723852591153379077 -17.5932378213605638 -0.96761115983786027961 0.053401656093891532173 0.24673245921357164767 38.660738937581818675 0.13145068372661258826 -0.72783183945801077641 0.67303902666040205105 -4.0998931474754831683 0 0 0 1
x 1454 1709063962.3635692596 0.20874430046024633478 0.68322904895656910718 0.69973129389137267431 -17.435508604738252814 -0.97092634242704956016 0.05906261929935470445 0.23197768118659667369 38.724514650752333011 0.11716592744058569597 -0.72781156474885233543 0.67569406665680009638 -4.0187318707283337105 0 0 0 1
x 1459 1709063962.6966443062 0.22089114958820998957 0.68148967204166643885 0.69769543993823945893 -17.316518855943140665 -0.96747659813194453182 0.062691289808367564595 0.24506903974121355128 38.775526287420063909 0.12327259247390949526 -0.7291375927626542186 0.67317326060836135682 -3.9429364237895980771 0 0 0 1
x 1464 1709063963.0298492908 0.2366882090715730913 0.67829794508094587435 0.69562244735002154439 -17.136579280129843994 -0.96353675066887123357 0.07190398109713298791 0.25773386981070728341 38.85489536237421504 0.12480233088903752714 -0.73126036082841949781 0.67058382248547576676 -3.8098967343753771253 0 0 0 1
x 1467 1709063963.2296674252 0.25650210583490312688 0.67518094753178115042 0.69161937346375612634 -17.132627220167055526 -0.95739848099218038957 0.079283533867565272879 0.27767295482289067188 38.855689103943156226 0.13264546069229901648 -0.73337903532831627551 0.66675360692826046716 -3.806390682506635148 0 0 0 1
x 1469 1709063963.362840414 0.26417947551054921096 0.67205728670101394506 0.69177178897749536102 -17.067190309991165265 -0.95506734612156019004 0.082360133323795450822 0.28471595111317782312 38.892583332272145924 0.1343710127677990307 -0.73590475737092642117 0.66361782607569896886 -3.7458295356274775578 0 0 0 1
x 1475 1709063963.7626123428 0.26557619796319437144 0.6689973920121452533 0.69419865488555543287 -16.804217194675636904 -0.9551405589782903105 0.084693921465084809341 0.28378416495301633793 38.970689711551109724 0.13105645982928518234 -0.7384236109720052621 0.66147923262257657395 -3.5993712161321456122 0 0 0 1
x 1479 1709063964.028907299 0.28074949143858674017 0.663231465276024168 0.69376058290994957467 -16.621326302404952457 -0.94956793556775476173 0.086771143194087116401 0.30131628646879576872 39.051559139018721112 0.13964404323433554644 -0.74336719881148427547 0.65414428760374609961 -3.4767116708176839524 0 0 0 1
x 1484 1709063964.3620233536 0.29590119463380010201 0.65786077704298517865 0.69257611920916872794 -16.507411401688234065 -0.94371418358312408881 0.089144874311687050117 0.31852273254661561674 39.083937641461574231 0.14780400116140485212 -0.74784516411267287772 0.64721062092401915322 -3.3950026096454357649 0 0 0 1
x 1489 1709063964.6951463223 0.31281254266371100181 0.65550493343067517404 0.6873584184399793573 -16.400116271058042372 -0.93662994720171377505 0.092725739052268468798 0.3378258121016299298 39.115930044312392511 0.15771066912919726177 -0.7494766304330351403 0.64297132539294810094 -3.3359290963276788666 0 0 0 1