1712606172.234875 0.064584838 0.004521573 0.018094704 0.497538239 0.501572728 0.501851261 0.499024898
1712606174.134875 0.512282551 -0.035593773 0.044414230 0.498781979 0.503418505 0.501623750 0.496145159
1712606174.934875 0.777789932 -0.020885552 0.008883804 0.493963480 0.505132616 0.505960524 0.494818181
1712606175.134875 0.950185721 0.009061344 -0.013733435 0.492078364 0.506993294 0.506822288 0.493910789
1712606175.234875 1.066254926 0.011574682 -0.018614782 0.491380364 0.508609056 0.506871581 0.492892861
1712606175.434875 1.319053522 0.014527614 -0.030081853 0.491972566 0.509028852 0.507873476 0.490833133
1712606175.734875 1.684748920 0.023581889 -0.045176626 0.493308991 0.507179558 0.508399069 0.490862042
1712606175.934875 1.964550186 0.019118221 -0.051399660 0.495813340 0.505322754 0.504948735 0.493806481
1712606176.034875 2.139243486 0.016801320 -0.053435535 0.498300999 0.503236473 0.503104448 0.495313197
1712606176.134875 2.325147039 0.004980284 -0.056801249 0.500609636 0.500864983 0.501115620 0.497400582
1712606176.234875 2.516005686 -0.016154046 -0.065042573 0.502802372 0.497916818 0.498718560 0.500548124
1712606176.334875 2.702253327 -0.036153731 -0.076355546 0.506029606 0.494857699 0.495703191 0.503317297
1712606176.434875 2.879520828 -0.058866628 -0.072174293 0.510479033 0.491172016 0.491919965 0.506138325
1712606176.534875 3.077651130 -0.087992559 -0.077391887 0.514598787 0.486911267 0.487553716 0.510290980
1712606176.634875 3.289489967 -0.131871078 -0.087343944 0.517715991 0.482537776 0.482700258 0.515875936
1712606176.734875 3.501124489 -0.188966314 -0.096610139 0.520231545 0.478524476 0.476310015 0.522974432
1712606176.834875 3.721794259 -0.242835367 -0.105855416 0.523832142 0.472667903 0.470945746 0.529523432
1712606176.934875 3.944873347 -0.296273061 -0.110806184 0.528772891 0.466499597 0.465160966 0.535165906
1712606177.034875 4.163633874 -0.358244836 -0.120051689 0.535371423 0.458878338 0.460220695 0.539448917
1712606177.134875 4.380673603 -0.422333318 -0.120717135 0.541686714 0.450968146 0.453147829 0.545765758
1712606177.234875 4.601765929 -0.500843051 -0.123857093 0.548685253 0.442589402 0.445905119 0.551568449
1712606177.434875 5.054072510 -0.710791645 -0.135332116 0.559548914 0.426581204 0.428177357 0.567095757
1712606177.534875 5.275706524 -0.830206101 -0.138661289 0.566111207 0.418509275 0.418051213 0.574109137
1712606177.634875 5.484559216 -0.952886695 -0.139473979 0.572723567 0.410052925 0.407719851 0.581041217
1712606177.734875 5.689425248 -1.080604464 -0.169503654 0.578948438 0.399180055 0.399240851 0.588286221
1712606177.834875 5.909600044 -1.211856774 -0.149730459 0.586315155 0.388731897 0.389537930 0.594459653
1712606177.934875 6.114120617 -1.361694266 -0.150370774 0.592412531 0.379727811 0.378336906 0.601427853
1712606178.034875 6.305863606 -1.515844986 -0.157154534 0.598083913 0.370315701 0.366656512 0.608871818
1712606178.134875 6.494338836 -1.679423948 -0.165022005 0.603420317 0.360704720 0.354898900 0.616297662
1712606178.234875 6.684715568 -1.848896953 -0.169162280 0.609574318 0.350092262 0.344036222 0.622489870
1712606178.334875 6.872478495 -2.027144263 -0.171305825 0.615142167 0.338978022 0.332780272 0.629246593
1712606178.434875 7.059270399 -2.206843643 -0.179740237 0.621843636 0.326026261 0.323246449 0.634451807
1712606178.534875 7.244002813 -2.398116267 -0.186993827 0.627694905 0.314556628 0.313026369 0.639584005
1712606178.634875 7.410757323 -2.594546718 -0.191967488 0.632907391 0.305385888 0.301333010 0.644489050
1712606178.734875 7.570956058 -2.794689687 -0.196464875 0.638316154 0.295240670 0.288758248 0.649618447
1712606178.834875 7.723071963 -3.014600952 -0.199842856 0.642155945 0.286526442 0.275821596 0.655332625
1712606178.934875 7.885987191 -3.246050167 -0.191629260 0.646209121 0.276812911 0.265412658 0.659806430
1712606179.034875 8.040198873 -3.467667347 -0.197554759 0.650292635 0.265760630 0.255013794 0.664423645
1712606179.134875 8.180309316 -3.692560540 -0.194445494 0.653943777 0.254466295 0.244467244 0.669208646
1712606179.234875 8.312437877 -3.929058641 -0.191607298 0.656433880 0.245371565 0.231038392 0.674913764
1712606179.334875 8.443216611 -4.181580492 -0.189332194 0.659716904 0.235230967 0.219604626 0.679127216
1712606179.434875 8.570197281 -4.445147899 -0.199831502 0.662968397 0.224882483 0.208281189 0.683022439
1712606179.534875 8.695459437 -4.705779177 -0.202942866 0.666898310 0.215634614 0.195954353 0.685820878
1712606179.634875 8.812563304 -4.970334992 -0.205736505 0.670780540 0.206336007 0.183548927 0.688323081
1712606179.734875 8.925135948 -5.243682004 -0.198766780 0.674407780 0.196430027 0.172325045 0.690574765
1712606179.834875 9.038494419 -5.522312971 -0.200298474 0.676539481 0.185869992 0.163288161 0.693601906
1712606179.934875 9.150599760 -5.810119611 -0.202176876 0.678881764 0.176020786 0.154197142 0.695959389
1712606180.034875 9.260167959 -6.100133626 -0.198967112 0.681360304 0.166195631 0.144338220 0.698064268
1712606180.134875 9.361992550 -6.396918674 -0.194447152 0.684242547 0.156592771 0.136395007 0.699061692
1712606180.234875 9.444658368 -6.709836586 -0.199604541 0.685526252 0.150719702 0.127080545 0.700847983
1712606180.334875 9.530626586 -7.019576349 -0.196385113 0.686324596 0.144693032 0.118073538 0.702909052
1712606180.434875 9.618591325 -7.332358380 -0.199050404 0.686062694 0.138611436 0.110421032 0.705628812
1712606180.534875 9.718983347 -7.651789809 -0.201906494 0.686223805 0.129323274 0.106371284 0.707854211
1712606180.634875 9.815282637 -7.974244831 -0.209494995 0.686277330 0.120823368 0.101793922 0.709974051
1712606180.734875 9.886309397 -8.292583438 -0.210563103 0.687913239 0.115372881 0.095638037 0.710153401
1712606180.834875 9.948193880 -8.607746683 -0.207904053 0.689906240 0.111073613 0.089335211 0.709726214
1712606180.934875 10.007652419 -8.925604507 -0.216729579 0.691045761 0.107951976 0.081361063 0.710058093
1712606181.034875 10.074826225 -9.245489263 -0.220852227 0.692327380 0.103437245 0.076113738 0.710063517
1712606181.134875 10.140256737 -9.572130041 -0.221445674 0.692870736 0.098102093 0.071973711 0.710722089
1712606181.234875 10.204692672 -9.898924303 -0.225084495 0.693474889 0.092247888 0.068504900 0.711259425
1712606181.334875 10.266146188 -10.217088832 -0.219368394 0.694619715 0.086408235 0.065041050 0.711200893
1712606181.434875 10.317995559 -10.545149732 -0.215832805 0.695220053 0.082434386 0.060984068 0.711445451
1712606181.534875 10.367136980 -10.886038630 -0.221828866 0.694684207 0.078752488 0.056717206 0.712737739
1712606181.634875 10.414809117 -11.226126926 -0.224088512 0.694166362 0.075239383 0.052575387 0.713938296
1712606181.734875 10.459965960 -11.569946609 -0.226665652 0.693754971 0.071340114 0.049492802 0.714958131
1712606181.834875 10.508819888 -11.922674101 -0.227999764 0.693670213 0.067368820 0.046330243 0.715637207
1712606181.934874 10.553394246 -12.281543561 -0.229049616 0.694089890 0.063775912 0.043168418 0.715757191
1712606182.034875 10.596137505 -12.641620143 -0.229595942 0.694682240 0.060681339 0.039330054 0.715672791
1712606182.134875 10.636450600 -12.998906251 -0.226495173 0.694695115 0.057103075 0.036878362 0.716085136
1712606182.234875 10.673154484 -13.358076751 -0.230270437 0.694603920 0.053989556 0.034584247 0.716529429
1712606182.334875 10.709350196 -13.723900773 -0.231984907 0.694907010 0.050652958 0.032588165 0.716572762
1712606182.434875 10.735398790 -14.098734747 -0.227842993 0.695398152 0.049211588 0.028930565 0.716353714
1712606182.534875 10.760509479 -14.481916219 -0.228670948 0.695411325 0.048279416 0.025157047 0.716546834
1712606182.634875 10.790108994 -14.868676726 -0.230838938 0.695156515 0.046465080 0.022435322 0.717004240
1712606182.734875 10.822202018 -15.258057899 -0.226877958 0.694621027 0.043605011 0.020918116 0.717748284
1712606182.834875 10.860099206 -15.648966576 -0.221209053 0.694798887 0.038773607 0.021333409 0.717841208
1712606182.934875 10.894805724 -16.042984306 -0.219491987 0.695900381 0.034246173 0.021577029 0.716996729
1712606183.034875 10.917382736 -16.446361396 -0.224344448 0.696911037 0.031970143 0.019956933 0.716166615
1712606183.134875 10.926124420 -16.853708116 -0.229161444 0.697030663 0.032532874 0.015836494 0.716127813
1712606183.234875 10.935989437 -17.261324009 -0.233486468 0.697131336 0.033145789 0.011767422 0.716080129
1712606183.334875 10.952033572 -17.673933783 -0.233096823 0.697634637 0.031839427 0.010083027 0.715674818
1712606183.434875 10.976292323 -18.076986325 -0.235502616 0.699029863 0.029165868 0.009045410 0.714440167
1712606183.534875 10.998903908 -18.479585826 -0.239916748 0.699826717 0.024942001 0.008451914 0.713827014
1712606183.634875 11.011830988 -18.884443409 -0.240470310 0.699475706 0.022016950 0.008083183 0.714271367
1712606183.734875 11.020199889 -19.290936882 -0.245570060 0.698209822 0.020742999 0.005649229 0.715570271
1712606183.834875 11.017394371 -19.699102276 -0.249225609 0.697922528 0.020264292 0.002723712 0.715881348
1712606183.934875 11.013971978 -20.113853863 -0.250096600 0.697745562 0.020377036 -0.001183081 0.716054797
1712606184.034875 11.020695186 -20.537526386 -0.250967378 0.697327375 0.017933974 -0.002582157 0.716523767
1712606184.134875 11.032272775 -20.958451758 -0.249065005 0.697403848 0.014619895 -0.003504491 0.716520667
1712606184.234875 11.037281413 -21.370563082 -0.254170609 0.697438121 0.011558641 -0.004693852 0.716536403
1712606184.334875 11.026970898 -21.774873379 -0.267693159 0.697255254 0.009839816 -0.006742031 0.716723680
1712606184.434875 11.014771984 -22.173673050 -0.269638324 0.698113024 0.008846845 -0.009445868 0.715870619
1712606184.534875 10.999172421 -22.573673289 -0.267506743 0.698304236 0.008809786 -0.012456640 0.715638518
1712606184.634875 10.983596130 -22.982369374 -0.265212521 0.699151158 0.008020408 -0.014771596 0.714776278
1712606184.734875 10.975807616 -23.396223421 -0.272331257 0.699684918 0.005494319 -0.015712561 0.714257538
1712606184.834875 10.963755760 -23.808213352 -0.275833656 0.699566722 0.003192910 -0.016021708 0.714380503
1712606184.934875 10.947669088 -24.221573647 -0.275329713 0.699432373 0.001146824 -0.016696837 0.714502811
1712606185.034875 10.927975731 -24.634193179 -0.280654141 0.699186027 0.001000281 -0.019936832 0.714661062
1712606185.134875 10.907538541 -25.048743980 -0.290968723 0.698193252 0.000771408 -0.022858568 0.715543866
1712606185.234875 10.884538537 -25.460794589 -0.290215733 0.698805690 -0.000400717 -0.024314914 0.714898050
1712606185.334875 10.865941288 -25.876072203 -0.289991527 0.698883593 -0.002998650 -0.024889041 0.714795947
1712606185.434875 10.846002380 -26.286832952 -0.294676023 0.699601293 -0.005255910 -0.025930554 0.714043438
1712606185.534874 10.819856670 -26.698787961 -0.299965378 0.699809611 -0.006537283 -0.027589979 0.713766456
1712606185.634875 10.784158102 -27.114462194 -0.308056917 0.700303614 -0.005837027 -0.030484181 0.713169992
1712606185.734875 10.753948724 -27.532626457 -0.307422164 0.700952053 -0.006568762 -0.031795569 0.712469041
1712606185.834875 10.725573281 -27.957623842 -0.314177928 0.701621056 -0.007565210 -0.033046026 0.711743355
1712606185.934874 10.703245437 -28.382196392 -0.324108416 0.702013195 -0.010194706 -0.032500762 0.711348891
1712606186.034875 10.680336892 -28.799834650 -0.329956848 0.702553391 -0.011959961 -0.033258334 0.710752845
1712606186.134875 10.648256048 -29.211422394 -0.337024207 0.702856183 -0.011842957 -0.034882817 0.710377455
1712606186.234875 10.607393562 -29.623409606 -0.347222115 0.703159630 -0.011131891 -0.036626924 0.710000753
1712606186.334875 10.576518473 -30.037474181 -0.355737625 0.703241706 -0.011245805 -0.037436131 0.709875524
1712606186.434875 10.555762327 -30.457583958 -0.361036390 0.703989029 -0.012753180 -0.035475645 0.709209621
1712606186.534875 10.532666737 -30.873875433 -0.370233421 0.704211950 -0.013447295 -0.034072980 0.709044218
1712606186.634875 10.505587170 -31.282270281 -0.382734600 0.704748571 -0.012235141 -0.034198921 0.708526790
1712606186.734874 10.475699223 -31.685444209 -0.392696267 0.705018282 -0.009467128 -0.034497131 0.708286345
1712606186.834875 10.451306870 -32.080052911 -0.409475044 0.705710769 -0.006556711 -0.034249999 0.707641363
1712606186.934875 10.431814643 -32.468472718 -0.419241938 0.707121730 -0.004536243 -0.032632306 0.706323922
1712606187.034875 10.420693432 -32.848444598 -0.429993522 0.707811594 -0.004097797 -0.029973546 0.705753148
1712606187.134875 10.419920765 -33.225101389 -0.439636525 0.707999885 -0.004791439 -0.025810419 0.705724478
1712606187.234875 10.414457710 -33.601920423 -0.452095019 0.708485007 -0.003280791 -0.024344003 0.705298185
1712606187.334875 10.403227347 -33.976959737 -0.468382487 0.708420455 0.000696386 -0.024872385 0.705351949
1712606187.434875 10.383804434 -34.349134871 -0.483465619 0.709599435 0.004963283 -0.024157194 0.704173565
1712606187.534875 10.380024643 -34.719421818 -0.494144824 0.709802568 0.007926781 -0.022679979 0.703990877
1712606187.634875 10.382621666 -35.094510099 -0.517036310 0.709412634 0.009803489 -0.020212561 0.704435289
1712606187.734875 10.388153627 -35.460323917 -0.532283343 0.710725188 0.011166077 -0.017415341 0.703165531
1712606187.834875 10.400554053 -35.825761285 -0.547762262 0.712261736 0.012438745 -0.014479421 0.701654315
1712606187.934875 10.405474094 -36.191957078 -0.563774661 0.713567972 0.015256938 -0.012573849 0.700307012
1712606188.034875 10.416277283 -36.558710238 -0.579756791 0.713623405 0.017859994 -0.009955289 0.700231075
1712606188.134875 10.429214226 -36.919230041 -0.597501810 0.712932527 0.021157898 -0.006992732 0.700878501
1712606188.234875 10.442169169 -37.279112691 -0.613018483 0.711632490 0.026080558 -0.006449095 0.702037990
1712606188.334875 10.459086051 -37.644384272 -0.630502033 0.710742176 0.030444663 -0.004375669 0.702779830
1712606188.434875 10.484863187 -38.006191677 -0.645198454 0.710146189 0.033284135 -0.000494125 0.703266919
1712606188.534875 10.522999885 -38.368189148 -0.661092954 0.709111214 0.034656674 0.004042254 0.704232812
1712606188.634875 10.565514555 -38.732636203 -0.684742479 0.708226800 0.035891868 0.008927496 0.705015481
1712606188.734875 10.595585123 -39.089971868 -0.702819137 0.707773328 0.038602132 0.011159594 0.705295861
1712606188.834875 10.625829970 -39.440191521 -0.720950522 0.708074391 0.040733311 0.012131836 0.704857647
1712606188.934875 10.657820460 -39.778383598 -0.733011863 0.708571911 0.041659646 0.014216990 0.704264283
1712606189.034875 10.686536042 -40.110423823 -0.744208155 0.708183467 0.042171024 0.015065305 0.704606831
1712606189.134875 10.702079484 -40.430606094 -0.753296681 0.708270013 0.042765353 0.013707269 0.704511821
1712606189.234875 10.714149794 -40.747725750 -0.765128635 0.708125174 0.042564426 0.010419841 0.704725802
1712606189.334875 10.725934558 -41.076408332 -0.775255292 0.707381129 0.040795375 0.008194329 0.705606520
1712606189.434875 10.736394902 -41.408300058 -0.785353828 0.705643415 0.038809951 0.005311190 0.707483530
1712606189.534875 10.746528200 -41.735105947 -0.794547499 0.703350067 0.034729477 0.003392074 0.709986627
1712606189.634875 10.754826082 -42.051618601 -0.807872543 0.703445911 0.030835647 0.000700903 0.710079193
1712606189.734875 10.754244533 -42.357360677 -0.820794666 0.703096628 0.026110139 -0.002827387 0.710609138
1712606189.834875 10.740987034 -42.653065819 -0.825937962 0.702716231 0.022072716 -0.008546374 0.711076379
1712606189.934875 10.718791485 -42.943047102 -0.829118703 0.701920509 0.016616628 -0.012992254 0.711942911
1712606190.034875 10.690503965 -43.224808804 -0.831290451 0.700165749 0.012402035 -0.020679498 0.713572979
1712606190.134875 10.659826127 -43.505465646 -0.836345757 0.699157000 0.006001824 -0.026919696 0.714435995
1712606190.234875 10.619300064 -43.790602139 -0.838274073 0.698482573 -0.000250252 -0.034468617 0.714796424
1712606190.334875 10.568874075 -44.082342646 -0.838808160 0.698511899 -0.007415905 -0.041275576 0.714368582
1712606190.434875 10.513416483 -44.372835345 -0.834816979 0.698562741 -0.014569491 -0.049941383 0.713655114
1712606190.534875 10.448236795 -44.660341808 -0.836420163 0.697966218 -0.022467081 -0.058417290 0.713390350
1712606190.634875 10.376403328 -44.962628241 -0.839290289 0.695162296 -0.030715801 -0.066922098 0.715071619
1712606190.734875 10.291942685 -45.271266659 -0.841367867 0.692459226 -0.038609929 -0.076304734 0.716370761
1712606190.834875 10.196581329 -45.578939639 -0.837533600 0.689747453 -0.048077304 -0.085094005 0.717423141
1712606190.934875 10.093680612 -45.874927464 -0.830977783 0.688816905 -0.057174981 -0.095604882 0.716325402
1712606191.034875 9.988832023 -46.167223703 -0.821698709 0.687434673 -0.067268096 -0.105372235 0.715405703
1712606191.134875 9.870327054 -46.454098461 -0.816653790 0.686468184 -0.077150412 -0.115915723 0.713703573
1712606191.234874 9.742439116 -46.742931632 -0.808767291 0.684063494 -0.088127099 -0.125637263 0.713096023
1712606191.334875 9.610197423 -47.028280430 -0.802521942 0.681750357 -0.098862626 -0.135755748 0.712048471
1712606191.434875 9.468263957 -47.308892770 -0.800404576 0.679037213 -0.109850645 -0.145826846 0.711038530
1712606191.534875 9.315624208 -47.577646625 -0.790025986 0.676920772 -0.120294727 -0.157442093 0.708886087
1712606191.634875 9.156441358 -47.840759443 -0.782591457 0.674359143 -0.131038129 -0.168456092 0.706888497
1712606191.734875 8.982969549 -48.098265314 -0.775260765 0.672041297 -0.141483635 -0.179084659 0.704465449
1712606191.834875 8.804165640 -48.357701798 -0.765461912 0.669051349 -0.152855992 -0.189644024 0.702168345
1712606191.934875 8.620827815 -48.609800229 -0.758251800 0.665424407 -0.164815590 -0.199904308 0.700060308
1712606192.034874 8.431306620 -48.851643767 -0.751146625 0.662260294 -0.177071735 -0.209410593 0.697283387
1712606192.134875 8.232605531 -49.089949326 -0.744721433 0.658722758 -0.189010516 -0.219899446 0.694264829
1712606192.234875 8.018723371 -49.324192600 -0.733246964 0.654618382 -0.200490668 -0.230815291 0.691377282
1712606192.334875 7.796388175 -49.548736933 -0.715694942 0.650806427 -0.211023688 -0.241532743 0.688172877
1712606192.434875 7.566305705 -49.760061181 -0.707128883 0.646849334 -0.221315324 -0.251798272 0.684984028
1712606192.534875 7.339573797 -49.957953741 -0.698291948 0.643358648 -0.231895581 -0.262412012 0.680774510
1712606192.634875 7.108344948 -50.139757422 -0.692901825 0.639365077 -0.241498932 -0.273735076 0.676727176
1712606192.734875 6.878013713 -50.318819257 -0.687539105 0.635059118 -0.252350748 -0.282989472 0.673005223
1712606192.834875 6.645501234 -50.498874918 -0.681619119 0.631203234 -0.262813061 -0.293940544 0.667915165
1712606192.934875 6.399962460 -50.666192423 -0.671287359 0.626401305 -0.274029970 -0.302976787 0.663878024
1712606193.034875 6.151659503 -50.823729092 -0.654556404 0.622482121 -0.284353495 -0.312310994 0.658878505
1712606193.134875 5.908351678 -50.964304080 -0.642017664 0.618249893 -0.294224977 -0.322280884 0.653707683
1712606193.234875 5.668896354 -51.098038296 -0.637495399 0.613770843 -0.304398984 -0.332373947 0.648193002
1712606193.334875 5.432848735 -51.223850488 -0.625642846 0.608997762 -0.313787162 -0.342272848 0.643046379
1712606193.434875 5.184894486 -51.333313478 -0.617047224 0.604128659 -0.322386801 -0.351437837 0.638425291
1712606193.534875 4.938768805 -51.437450735 -0.605232851 0.599375069 -0.331966549 -0.359932065 0.633242965
1712606193.634875 4.695230581 -51.533892748 -0.599266038 0.594520390 -0.341098994 -0.369088709 0.627670705
1712606193.734875 4.451457568 -51.619397997 -0.587510088 0.590377092 -0.349942088 -0.378074110 0.621333599
1712606193.834875 4.196426342 -51.689109002 -0.574773573 0.586396754 -0.356886297 -0.388246149 0.614846349
1712606193.934875 3.947561568 -51.752807956 -0.574476587 0.581364930 -0.364111215 -0.398494899 0.608801842
1712606194.034875 3.702269336 -51.810633580 -0.570607048 0.575969338 -0.372249693 -0.407659769 0.602912128
1712606194.134875 3.447929380 -51.867344643 -0.559041652 0.569549382 -0.380742669 -0.416299909 0.597781718
1712606194.234875 3.200138194 -51.914391148 -0.543482568 0.563086152 -0.389774233 -0.424732447 0.592125356
1712606194.334875 2.960318248 -51.956558094 -0.534468451 0.555992544 -0.399078190 -0.433764547 0.586052239
1712606194.434875 2.719349656 -51.986781220 -0.516127308 0.549372077 -0.408724934 -0.442636877 0.578970492
1712606194.534875 2.478367368 -51.987736281 -0.515949618 0.543186247 -0.416004717 -0.453253686 0.571357965
1712606194.634875 2.237012417 -51.995863616 -0.509053998 0.535304844 -0.425051361 -0.462308407 0.564845979
1712606194.734875 1.996981493 -51.992436036 -0.509030966 0.528263152 -0.433227152 -0.472295821 0.556946099
1712606194.834875 1.760347087 -51.975852321 -0.500099615 0.521733940 -0.440984309 -0.482908368 0.547837675
1712606194.934875 1.528352911 -51.963719025 -0.488997616 0.513962030 -0.450253576 -0.492602736 0.538940966
1712606195.034875 1.303432298 -51.948267981 -0.469780670 0.504966438 -0.461586535 -0.500542641 0.530475140
1712606195.134875 1.085517373 -51.910545015 -0.460063693 0.496430635 -0.472135574 -0.509759605 0.520374715
1712606195.234875 0.856121928 -51.869557488 -0.454236359 0.485946804 -0.483630359 -0.518463612 0.511031151
1712606195.334875 0.620879105 -51.811472099 -0.444727661 0.475908071 -0.494512081 -0.527545810 0.500664353
1712606195.434875 0.383259866 -51.726585237 -0.428963904 -0.466099113 0.504767954 0.535811782 -0.490781695
1712606195.534875 0.140735323 -51.638590235 -0.426503610 -0.456094831 0.514399469 0.545563877 -0.479302347
1712606195.634875 -0.091995763 -51.544590825 -0.419036437 -0.445603758 0.524314582 0.555112302 -0.467313349
1712606195.734875 -0.320664359 -51.441162791 -0.407474441 -0.434996068 0.533926070 0.564865291 -0.454564214
1712606195.834875 -0.554011357 -51.326851118 -0.398443652 -0.423797965 0.543566048 0.573911190 -0.442218482
1712606195.934875 -0.793821009 -51.187707145 -0.400244831 -0.412749827 0.552049696 0.583519936 -0.429398745
1712606196.034874 -1.024784260 -51.039928352 -0.398928390 -0.400655508 0.560980380 0.592140257 -0.417308122
1712606196.134875 -1.259237517 -50.890692514 -0.394546079 -0.387268513 0.570155323 0.600476980 -0.405429959
1712606196.234875 -1.505079061 -50.734357536 -0.372037847 -0.372675806 0.580730677 0.606799185 -0.394536972
1712606196.334875 -1.736029277 -50.557895838 -0.367240193 -0.359381109 0.588041604 0.615911543 -0.381713599
1712606196.434875 -1.948591933 -50.365062241 -0.357931830 -0.347344339 0.594126523 0.625578463 -0.367446899
1712606196.534875 -2.144841850 -50.159418333 -0.348206293 -0.336662620 0.600303292 0.634231091 -0.352200478
1712606196.634875 -2.340752696 -49.945813177 -0.340891268 -0.324490368 0.606775582 0.641893804 -0.338381022
1712606196.734875 -2.540244080 -49.722002190 -0.333169331 -0.312729985 0.613185287 0.649307489 -0.323424816
1712606196.834875 -2.732629194 -49.499341057 -0.325361598 -0.299433678 0.619485438 0.656123817 -0.309965730
1712606196.934875 -2.918849137 -49.263029724 -0.313099134 -0.285953015 0.624769390 0.663300395 -0.296524405
1712606197.034875 -3.105079478 -49.015788917 -0.301402960 -0.272262990 0.629567146 0.670136690 -0.283610433
1712606197.134875 -3.290558063 -48.763766524 -0.294249688 -0.257899225 0.634631753 0.675902307 -0.271820933
1712606197.234875 -3.470021503 -48.505170862 -0.275416479 -0.242920339 0.640292108 0.680041075 -0.261839360
1712606197.334875 -3.656460131 -48.232302027 -0.265973994 -0.226752713 0.643514454 0.685992360 -0.252758503
1712606197.434875 -3.830892604 -47.935166602 -0.244942298 -0.212459192 0.646264851 0.691593885 -0.242694810
1712606197.534875 -3.985430549 -47.638284999 -0.239541180 -0.200714052 0.647349834 0.698387325 -0.230015591
1712606197.634875 -4.123200376 -47.335349615 -0.223583073 -0.190995812 0.649892151 0.703094065 -0.216378346
1712606197.734875 -4.256961495 -47.035746758 -0.212378214 -0.179615438 0.654327810 0.705479622 -0.204675123
1712606197.834875 -4.387728166 -46.737211091 -0.208250949 -0.166906089 0.660870790 0.705117404 -0.195452407
1712606197.934875 -4.516128840 -46.436159454 -0.207557481 -0.153340325 0.668262362 0.703528285 -0.186976284
1712606198.034875 -4.620559009 -46.134843253 -0.203399934 -0.142347515 0.675919473 0.701769650 -0.174325466
1712606198.134875 -4.710461281 -45.825295527 -0.196892918 -0.133442700 0.680234671 0.702304423 -0.161994904
1712606198.234875 -4.807303328 -45.513235364 -0.200093144 -0.123734243 0.685926378 0.700483620 -0.153354302
1712606198.334875 -4.905950854 -45.200023515 -0.201555556 -0.113750979 0.692278326 0.697688460 -0.145059288
1712606198.434875 -4.982377584 -44.889077795 -0.206668993 -0.107365116 0.698244750 0.694682300 -0.135437876
1712606198.534875 -5.038722312 -44.567876921 -0.215235390 -0.105129533 0.703121543 0.692441404 -0.122852467
1712606198.634875 -5.081192614 -44.235370294 -0.225437634 -0.104997814 0.705611467 0.691992998 -0.110605814
1712606198.734875 -5.154463496 -43.900898377 -0.238178713 -0.100079931 0.706303656 0.693059027 -0.103866816
1712606198.834875 -5.251336611 -43.560003943 -0.242554293 -0.089717127 0.705770373 0.695249200 -0.102310963
1712606198.934875 -5.343897292 -43.210119669 -0.244542299 -0.078942478 0.706840158 0.695706725 -0.100683741
1712606199.034875 -5.415352305 -42.859219254 -0.251126912 -0.071947671 0.706497490 0.697567642 -0.095311083
1712606199.134875 -5.467460226 -42.496161129 -0.261266609 -0.067809820 0.704497397 0.700887501 -0.088555075
1712606199.234875 -5.508934029 -42.125833282 -0.282629023 -0.066179201 0.700477183 0.706072986 -0.080081224
1712606199.334875 -5.542739569 -41.758168312 -0.295523269 -0.064430021 0.696502388 0.711047411 -0.071726590
1712606199.434875 -5.580302440 -41.391951362 -0.308469776 -0.059938893 0.694739640 0.713766634 -0.065431938
1712606199.534875 -5.628486796 -41.024414987 -0.312545448 -0.053024426 0.696278632 0.713281214 -0.060119752
1712606199.634875 -5.667083302 -40.660295529 -0.308826267 -0.046059173 0.697631180 0.712738216 -0.056511525
1712606199.734875 -5.695259241 -40.291953434 -0.306257939 -0.041812833 0.698950648 0.712239444 -0.049342744
1712606199.834875 -5.711472056 -39.916204268 -0.309109515 -0.037384950 0.698480129 0.713389516 -0.042465419
1712606199.934875 -5.727518412 -39.543685086 -0.313256294 -0.032091510 0.697759151 0.714676261 -0.036607385
1712606200.034875 -5.743718688 -39.163624643 -0.315208421 -0.025787117 0.696777046 0.716137826 -0.031359460
1712606200.134875 -5.752750013 -38.777886564 -0.315835964 -0.019101573 0.696248114 0.717062652 -0.026360009
1712606200.234875 -5.757752555 -38.386964054 -0.311379065 -0.013325892 0.695915699 0.717649102 -0.022440419
1712606200.334875 -5.757021917 -37.992456435 -0.308158948 -0.009758107 0.695068717 0.718674600 -0.017061910
1712606200.434875 -5.743995035 -37.594026892 -0.311056818 -0.008039297 0.693711102 0.720124960 -0.010968200
1712606200.534875 -5.731401598 -37.192576423 -0.313845662 -0.006369048 0.693175018 0.720721662 -0.005301105
1712606200.634875 -5.719947653 -36.792002805 -0.317426697 -0.003149650 0.692972541 0.720955551 -0.001478994
1712606200.734875 -5.710498221 -36.387210736 -0.312678208 0.001681879 0.692439318 0.721472859 0.001392632
1712606200.834875 -5.701890387 -35.977338304 -0.303182651 0.007375384 0.691323340 0.722500861 0.003181765
1712606200.934875 -5.685585799 -35.575121079 -0.294090844 0.011735273 0.690094769 0.723598361 0.006077874
1712606201.034875 -5.654309005 -35.181177426 -0.292655758 0.013516381 0.691333890 0.722328961 0.010751766
1712606201.134875 -5.613060626 -34.786058090 -0.294461380 0.014552548 0.692560852 0.721023560 0.016515391
1712606201.234875 -5.574632314 -34.378400661 -0.299006672 0.016667038 0.692744911 0.720671952 0.021415098
1712606201.334875 -5.543341907 -33.964377063 -0.298192413 0.020957759 0.691566706 0.721623003 0.023590788
1712606201.434875 -5.509432166 -33.566459376 -0.290712912 0.025069943 0.690957546 0.721988320 0.026115619
1712606201.534875 -5.463466670 -33.182594268 -0.275469662 0.028022258 0.691010833 0.721673429 0.030103512
1712606201.634875 -5.407860878 -32.786544019 -0.265839187 0.029842773 0.691090524 0.721323788 0.034573283
1712606201.734875 -5.351642791 -32.375684230 -0.267444719 0.031109899 0.689786851 0.722298503 0.038873084
1712606201.834875 -5.300611102 -31.953946022 -0.276835606 0.034267813 0.689776599 0.722026408 0.041374747
1712606201.934875 -5.247725206 -31.535183561 -0.283118311 0.037526380 0.690219581 0.721316218 0.043493029
1712606202.034875 -5.187391401 -31.123646729 -0.280711005 0.039674357 0.691843569 0.719483197 0.046069015
1712606202.134875 -5.121725768 -30.711836187 -0.271036842 0.040745698 0.693637431 0.717490733 0.049133010
1712606202.234875 -5.048730385 -30.290327549 -0.262626901 0.040223204 0.694344997 0.716570735 0.052852985
1712606202.334875 -4.979567556 -29.870519169 -0.252842813 0.040374078 0.694529712 0.716199219 0.055290848
1712606202.434875 -4.918488493 -29.443780108 -0.247513593 0.041616011 0.693301916 0.717260301 0.056020588
1712606202.534875 -4.860087499 -29.015545380 -0.253918780 0.043359630 0.691195786 0.719208121 0.055750445
1712606202.634875 -4.798828246 -28.589486933 -0.255273140 0.043692574 0.690581858 0.719730675 0.056350857
1712606202.734875 -4.733276732 -28.160742034 -0.254802770 0.042994414 0.691100895 0.719195187 0.057352111
1712606202.834875 -4.668561566 -27.732167871 -0.250898504 0.041886680 0.692228258 0.718137324 0.057829965
1712606202.934875 -4.605385694 -27.297648839 -0.245198967 0.039934613 0.693314195 0.717173696 0.058159128
1712606203.034875 -4.544721590 -26.859272147 -0.240538290 0.038182598 0.693733871 0.716943145 0.057166014
1712606203.134875 -4.487291115 -26.415918024 -0.241970908 0.036483236 0.694003284 0.716888845 0.055667493
1712606203.234875 -4.438488746 -25.980176007 -0.245480231 0.034511518 0.693871379 0.717246294 0.053937472
1712606203.334875 -4.393211441 -25.561222366 -0.241458365 0.032191794 0.694257915 0.717132151 0.051875804
1712606203.434875 -4.351641984 -25.145701434 -0.247846834 0.029722208 0.694146931 0.717480063 0.049990505
1712606203.534875 -4.312241483 -24.722764954 -0.245679972 0.027116988 0.694303095 0.717601418 0.047498252
1712606203.634875 -4.273394453 -24.302728739 -0.241792407 0.023761317 0.694344282 0.717815995 0.045404941
1712606203.734875 -4.241467617 -23.883423878 -0.238936085 0.020307027 0.694397509 0.718002200 0.043272283
1712606203.834875 -4.211153563 -23.461607997 -0.239056588 0.016856764 0.694622099 0.718014896 0.040873807
1712606203.934875 -4.187208309 -23.043996106 -0.241838275 0.013295803 0.694976866 0.717880309 0.038448628
1712606204.034875 -4.168944079 -22.629423250 -0.244333478 0.010558636 0.695347607 0.717729747 0.035273500
1712606204.134875 -4.156804328 -22.209082267 -0.244392523 0.008027012 0.695662498 0.717597544 0.032296114
1712606204.234875 -4.147209992 -21.784003643 -0.242770089 0.006027340 0.695281267 0.718167424 0.027984399
1712606204.334875 -4.137277819 -21.368939360 -0.242184096 0.002811292 0.694318056 0.719231904 0.024899043
1712606204.434875 -4.127274601 -20.964423978 -0.237895493 -0.001040556 0.693858981 0.719773114 0.022027733
1712606204.534875 -4.122972102 -20.564869811 -0.241744213 -0.005205110 0.694643378 0.719060004 0.019905947
1712606204.634875 -4.122222107 -20.166383789 -0.251046461 -0.009270609 0.695334136 0.718432665 0.016702207
1712606204.734875 -4.134115460 -19.766754906 -0.253563646 -0.013106257 0.695763707 0.718038023 0.012744556
1712606204.834875 -4.152869465 -19.365397469 -0.253322241 -0.015940065 0.696244657 0.717584968 0.007817625
1712606204.934875 -4.179235157 -18.970878716 -0.251046621 -0.018994030 0.697657526 0.716173470 0.002972513
1712606205.034875 -4.206322595 -18.580368123 -0.248370316 -0.022885431 0.699355781 0.714404345 -0.002050797
1712606205.134875 -4.242371475 -18.185302900 -0.251282175 -0.026202582 0.698770285 0.714830220 -0.007154072
1712606205.234875 -4.284421246 -17.782425058 -0.257519070 -0.029702647 0.697066545 0.716286600 -0.012225932
1712606205.334875 -4.323685254 -17.368803802 -0.262419990 -0.034473021 0.695519686 0.717491388 -0.016433811
1712606205.434875 -4.372056664 -16.958925116 -0.264340828 -0.038465548 0.695580661 0.717118382 -0.020716596
1712606205.534875 -4.421160472 -16.561177230 -0.264898142 -0.042523004 0.696031928 0.716323078 -0.024752004
1712606205.634875 -4.469760973 -16.164951874 -0.264822303 -0.047945023 0.694882691 0.716967463 -0.028231354
1712606205.734875 -4.530839859 -15.772684892 -0.272860733 -0.051980235 0.693485856 0.717846632 -0.032735296
1712606205.834875 -4.593741645 -15.383708101 -0.280590516 -0.056530178 0.693366110 0.717472911 -0.035782918
1712606205.934875 -4.664281991 -15.001875449 -0.279883341 -0.060039632 0.693795562 0.716541052 -0.040147360
1712606206.034875 -4.737106744 -14.627434777 -0.289563908 -0.063215606 0.693946898 0.715854943 -0.044645134
1712606206.134875 -4.810741326 -14.243026708 -0.288711182 -0.067373075 0.693903983 0.715259790 -0.048596364
1712606206.234875 -4.889436955 -13.848291235 -0.293079329 -0.071788274 0.693705261 0.714791059 -0.051895209
1712606206.334875 -4.968974319 -13.462082691 -0.295162951 -0.076671287 0.694348216 0.713446856 -0.054733332
1712606206.434875 -5.050327137 -13.085841253 -0.299598027 -0.081005611 0.694486916 0.712615132 -0.057494897
1712606206.534875 -5.135782307 -12.707704533 -0.302169825 -0.084929809 0.694247067 0.712131321 -0.060637064
1712606206.634875 -5.232547112 -12.326282423 -0.307596319 -0.087414794 0.693908632 0.711789906 -0.064843051
1712606206.734875 -5.333058234 -11.947175501 -0.314299708 -0.088256188 0.693754256 0.711465776 -0.068791457
1712606206.834875 -5.431108124 -11.573303774 -0.312657267 -0.089263201 0.694211364 0.710571110 -0.072050683
1712606206.934875 -5.526328018 -11.188010106 -0.318505621 -0.091249488 0.694480538 0.709808767 -0.074444003
1712606207.034875 -5.617317185 -10.807254837 -0.325807331 -0.093869612 0.694152474 0.709717691 -0.075111173
1712606207.134875 -5.716850250 -10.436794808 -0.330553856 -0.095722340 0.694095731 0.709325433 -0.076979540
1712606207.234875 -5.822036386 -10.062896283 -0.332773824 -0.097872809 0.693710804 0.709109783 -0.079683870
1712606207.334875 -5.929048824 -9.694917390 -0.334217599 -0.100176163 0.693112135 0.708999515 -0.082946025
1712606207.434875 -6.039568302 -9.341843334 -0.335534896 -0.102223665 0.692731440 0.708581805 -0.087093875
1712606207.534875 -6.147737857 -8.990739174 -0.344592719 -0.106680907 0.691512465 0.708736658 -0.090121992
1712606207.634875 -6.264753608 -8.639719447 -0.354208262 -0.111226760 0.690155149 0.708924115 -0.093493886
1712606207.734875 -6.380968541 -8.296403634 -0.360737124 -0.115658000 0.689075768 0.708799839 -0.096956715
1712606207.834875 -6.504241512 -7.960714998 -0.364155934 -0.119020686 0.688900650 0.707716703 -0.101916768
1712606207.934875 -6.639946301 -7.624514123 -0.368905153 -0.121676788 0.688586771 0.706730068 -0.107590124
1712606208.034875 -6.783301898 -7.290578147 -0.371418897 -0.123325333 0.689247191 0.704679668 -0.114698537
1712606208.134875 -6.930232480 -6.956562220 -0.378669371 -0.126766488 0.689105630 0.703189313 -0.120783113
1712606208.234875 -7.074916633 -6.626810144 -0.383909462 -0.132260829 0.687831342 0.702607870 -0.125448629
1712606208.334875 -7.208222639 -6.301980033 -0.390964833 -0.140223563 0.686006188 0.702344358 -0.128238916
1712606208.434875 -7.340706478 -5.980018967 -0.397704279 -0.148920998 0.685163558 0.700970352 -0.130437925
1712606208.534875 -7.487705970 -5.666805769 -0.404180979 -0.155395180 0.684503317 0.699507654 -0.134151340
1712606208.634875 -7.657091999 -5.359833168 -0.407899294 -0.158063188 0.683665931 0.698156834 -0.142105460
1712606208.734875 -7.832937314 -5.054925844 -0.415836060 -0.161122143 0.681820691 0.697743356 -0.149380222
1712606208.834875 -8.003168344 -4.755521696 -0.424527119 -0.164357483 0.679671228 0.697545469 -0.156409413
1712606208.934875 -8.175410993 -4.456437672 -0.432664036 -0.170168117 0.678308368 0.696426868 -0.161028519
1712606209.034875 -8.348585516 -4.158299366 -0.436282588 -0.175823331 0.677733839 0.694331884 -0.166331798
1712606209.134875 -8.523433963 -3.873026655 -0.438798752 -0.181303561 0.676685691 0.692928612 -0.170515433
1712606209.234875 -8.707552637 -3.594927937 -0.447536691 -0.185157135 0.676326990 0.690619826 -0.177039355
1712606209.334875 -8.894118054 -3.315114101 -0.461187960 -0.188892856 0.675432742 0.688917756 -0.183036730
1712606209.434875 -9.085158315 -3.048731829 -0.469951896 -0.191416532 0.675716877 0.686406136 -0.188714072
1712606209.534875 -9.265621193 -2.779361518 -0.471291021 -0.197194844 0.674511552 0.684995592 -0.192170247
1712606209.634875 -9.446194407 -2.502377447 -0.474949231 -0.203596175 0.672537565 0.684235513 -0.195098892
1712606209.734875 -9.636067113 -2.227749520 -0.477542283 -0.208121136 0.670423329 0.684077680 -0.198131129
1712606209.834875 -9.836583362 -1.958912919 -0.478406414 -0.209409267 0.668910384 0.683799028 -0.202794403
1712606209.934875 -10.040413117 -1.693596584 -0.480953748 -0.209464982 0.668742299 0.682529509 -0.207512915
1712606210.034875 -10.228730851 -1.427409718 -0.487485473 -0.211967692 0.668287933 0.681731761 -0.209051907
1712606210.134875 -10.404969246 -1.164671122 -0.495514413 -0.214797407 0.668159962 0.681178093 -0.208376318
1712606210.234875 -10.591262893 -0.906098864 -0.507018612 -0.213899076 0.667570531 0.681829810 -0.209057018
1712606210.334874 -10.769786104 -0.643293513 -0.512817072 -0.214784667 0.668012679 0.681634367 -0.207367390
1712606210.434875 -10.935861291 -0.377339220 -0.518207813 -0.214088202 0.669360757 0.680998981 -0.205822483
1712606210.534875 -11.108063053 -0.117524507 -0.524150554 -0.210559145 0.671542764 0.680521727 -0.203925073
1712606210.634875 -11.278643292 0.146413090 -0.526165929 -0.204976290 0.673322082 0.680802226 -0.202806503
1712606210.734875 -11.437731018 0.421404836 -0.523981941 -0.199874431 0.674673438 0.682086468 -0.199057683
1712606210.834875 -11.587012044 0.695962105 -0.524627271 -0.193158776 0.676111937 0.683990359 -0.194215387
1712606210.934875 -11.729495735 0.972343526 -0.535575403 -0.185973316 0.677333653 0.686426163 -0.188287601
1712606211.034875 -11.861745435 1.244197889 -0.546420856 -0.178125724 0.679012895 0.688755810 -0.181185454
1712606211.134875 -11.971795202 1.525612112 -0.552544731 -0.170613691 0.680474341 0.691519737 -0.172180280
1712606211.234875 -12.059871009 1.811922925 -0.552269391 -0.164454907 0.681694925 0.694505036 -0.160963878
1712606211.334875 -12.138707312 2.096975792 -0.566097792 -0.155806169 0.682452142 0.698275685 -0.149648279
1712606211.434875 -12.212624427 2.373800148 -0.570247437 -0.144617587 0.683782339 0.701825917 -0.137723759
1712606211.534875 -12.276637918 2.651474993 -0.558066729 -0.130858347 0.686150193 0.704402089 -0.126062527
1712606211.634875 -12.324304574 2.935081073 -0.554034181 -0.115480363 0.688634872 0.706773520 -0.113654971
1712606211.734875 -12.349315416 3.217088265 -0.550662637 -0.099869266 0.691098869 0.709007919 -0.098570757
1712606211.834875 -12.352726066 3.482912107 -0.555538576 -0.083014093 0.692629933 0.711913586 -0.080941215
1712606211.934875 -12.331058216 3.724424117 -0.576362702 -0.064231813 0.694508851 0.713841796 -0.062940985
1712606212.034875 -12.306567744 3.955217806 -0.567818392 -0.043471172 0.696473777 0.714869857 -0.044672556
1712606212.134875 -12.287667096 4.212231087 -0.583343319 -0.020515358 0.696794748 0.716561913 -0.024398372
1712606212.234875 -12.215362259 4.485535790 -0.583734974 0.000825077 0.695703924 0.718322873 -0.002778515
1712606212.334876 -12.117210543 4.745598959 -0.579155407 0.022013644 0.694601059 0.718836427 0.017858777
1712606212.434875 -12.014338842 4.976539277 -0.579188338 0.042351682 0.693462312 0.718217015 0.038478997
1712606212.534875 -11.925554272 5.160028648 -0.571349032 0.063756578 0.692053020 0.716601789 0.058988307
1712606212.634875 -11.901070940 5.225887871 -0.572143123 0.083774254 0.689610839 0.714677989 0.081572823
1712606212.734875 -11.856657227 5.240263450 -0.573548154 0.102563247 0.686529696 0.712362707 0.103427045
1712606212.834875 -11.838184311 5.251647610 -0.570484219 0.119428210 0.684148133 0.708518505 0.125218943
1712606212.934875 -11.823436410 5.292915296 -0.565613846 0.143634215 0.680672348 0.703446925 0.145659968
1712606213.034875 -11.816618818 5.335921620 -0.550785355 0.166873962 0.679717779 0.694274545 0.167689413
1712606213.134875 -11.814192687 5.377279242 -0.533673256 0.185631081 0.675492465 0.688388646 0.188074559
1712606213.734875 -11.440466565 5.983762804 -0.542326602 0.315413386 0.587579668 0.597502530 0.445258677
1712606214.034875 -10.874849788 6.202533520 -0.549049283 0.367889106 0.544069827 0.560382426 0.504595995
1712606214.734875 -9.269194783 6.009591189 -0.953983051 0.490825236 0.427323580 0.563342452 0.509048581
1712606214.934875 -8.677940715 5.800959561 -0.886045186 0.524377823 0.393630207 0.528474927 0.539256275
